644 5
0
t 0 0 2
t 0 1 59
t 0 2 60
t 0 3 62
t 0 4 129
t 2 0 3
t 2 1 10
t 2 2 56
t 2 3 12
t 2 4 57
t 3 0 4
t 3 1 11
t 3 2 50
t 3 3 13
t 3 4 54
t 4 0 5
t 4 1 14
t 4 2 42
t 4 3 45
t 4 4 47
t 5 0 6
t 5 1 32
t 5 2 34
t 5 3 37
t 5 4 39
t 6 0 7
t 6 1 23
t 6 2 25
t 6 3 28
t 6 4 30
t 7 0 8
t 7 1 18
t 7 2 19
t 7 3 21
t 7 4 22
t 8 0 9
t 8 1 16
t 8 2 9
t 8 3 17
t 8 4 9
t 9 0 1
t 9 1 1
t 9 2 1
t 9 3 1
t 9 4 1
t 10 0 15
t 10 1 212
t 10 2 122
t 10 3 125
t 10 4 221
t 11 2 105
t 11 3 49
t 11 4 47
t 12 0 259
t 12 1 127
t 12 2 272
t 12 3 275
t 12 4 277
t 13 1 53
t 13 2 45
t 13 4 47
t 14 2 88
t 14 3 41
t 14 4 39
t 15 1 169
t 15 2 203
t 15 3 205
t 15 4 210
t 16 2 1
t 16 3 1
t 16 4 1
t 17 1 1
t 17 2 1
t 17 4 1
t 18 2 9
t 18 3 63
t 18 4 9
t 19 0 9
t 19 1 64
t 19 2 9
t 19 3 20
t 19 4 9
t 20 1 1
t 20 4 1
t 21 1 63
t 21 2 17
t 21 4 9
t 22 0 9
t 22 1 64
t 22 2 9
t 22 3 65
t 22 4 9
t 23 2 66
t 23 3 24
t 23 4 22
t 24 2 63
t 24 4 9
t 25 0 67
t 25 1 68
t 25 2 19
t 25 3 26
t 25 4 22
t 26 1 27
t 26 4 9
t 27 4 1
t 28 1 29
t 28 2 21
t 28 4 22
t 29 2 17
t 29 4 9
t 30 0 8
t 30 1 31
t 30 2 70
t 30 3 72
t 30 4 22
t 31 0 64
t 31 2 9
t 31 3 69
t 31 4 9
t 32 2 73
t 32 3 33
t 32 4 30
t 33 2 24
t 33 4 22
t 34 0 75
t 34 1 77
t 34 2 25
t 34 3 35
t 34 4 30
t 35 1 36
t 35 4 22
t 36 4 9
t 37 1 38
t 37 2 28
t 37 4 30
t 38 2 21
t 38 4 22
t 39 0 7
t 39 1 40
t 39 2 82
t 39 3 85
t 39 4 30
t 40 0 78
t 40 2 79
t 40 3 81
t 40 4 22
t 41 2 33
t 41 4 30
t 42 0 90
t 42 1 92
t 42 2 34
t 42 3 43
t 42 4 39
t 43 1 44
t 43 4 30
t 44 4 22
t 45 1 46
t 45 2 37
t 45 4 39
t 46 2 28
t 46 4 30
t 47 0 6
t 47 1 48
t 47 2 97
t 47 3 101
t 47 4 39
t 48 0 93
t 48 2 94
t 48 3 96
t 48 4 30
t 49 2 41
t 49 4 39
t 50 0 107
t 50 1 109
t 50 2 42
t 50 3 51
t 50 4 47
t 51 1 52
t 51 4 39
t 52 4 30
t 53 2 37
t 53 4 39
t 54 0 5
t 54 1 55
t 54 2 114
t 54 3 118
t 54 4 47
t 55 0 110
t 55 2 111
t 55 3 113
t 55 4 39
t 56 0 128
t 56 1 132
t 56 2 50
t 56 3 126
t 56 4 251
t 57 0 4
t 57 1 58
t 57 2 137
t 57 3 141
t 57 4 54
t 58 0 133
t 58 1 281
t 58 2 134
t 58 3 136
t 58 4 47
t 59 0 145
t 59 1 178
t 59 2 147
t 59 3 153
t 59 4 340
t 60 0 157
t 60 1 61
t 60 2 159
t 60 3 162
t 60 4 376
t 61 0 355
t 61 1 356
t 61 2 151
t 61 3 152
t 61 4 332
t 62 0 164
t 62 1 155
t 62 2 168
t 62 3 400
t 62 4 406
t 63 2 1
t 63 4 1
t 64 0 1
t 64 2 1
t 64 3 1
t 64 4 1
t 65 0 1
t 65 1 1
t 65 2 1
t 65 4 1
t 66 0 9
t 66 1 64
t 66 2 9
t 66 3 27
t 66 4 9
t 67 0 9
t 67 1 16
t 67 2 9
t 67 3 20
t 67 4 9
t 68 0 64
t 68 2 9
t 68 3 27
t 68 4 9
t 69 0 1
t 69 2 1
t 69 4 1
t 70 0 9
t 70 1 64
t 70 2 9
t 70 3 71
t 70 4 9
t 71 0 1
t 71 1 1
t 71 4 1
t 72 0 65
t 72 1 69
t 72 2 65
t 72 4 9
t 73 0 74
t 73 1 68
t 73 2 66
t 73 3 36
t 73 4 22
t 74 0 9
t 74 1 16
t 74 2 9
t 74 3 27
t 74 4 9
t 75 0 67
t 75 1 76
t 75 2 19
t 75 3 26
t 75 4 22
t 76 2 9
t 76 3 27
t 76 4 9
t 77 0 68
t 77 2 66
t 77 3 36
t 77 4 22
t 78 0 64
t 78 2 9
t 78 3 63
t 78 4 9
t 79 0 9
t 79 1 64
t 79 2 9
t 79 3 80
t 79 4 9
t 80 0 1
t 80 4 1
t 81 0 69
t 81 2 69
t 81 4 9
t 82 0 67
t 82 1 83
t 82 2 70
t 82 3 84
t 82 4 22
t 83 0 64
t 83 2 9
t 83 3 80
t 83 4 9
t 84 0 71
t 84 1 80
t 84 4 9
t 85 0 86
t 85 1 87
t 85 2 72
t 85 4 22
t 86 0 65
t 86 1 63
t 86 2 65
t 86 4 9
t 87 0 69
t 87 2 65
t 87 4 9
t 88 0 89
t 88 1 77
t 88 2 73
t 88 3 44
t 88 4 30
t 89 0 74
t 89 1 76
t 89 2 66
t 89 3 36
t 89 4 22
t 90 0 75
t 90 1 91
t 90 2 25
t 90 3 35
t 90 4 30
t 91 2 66
t 91 3 36
t 91 4 22
t 92 0 77
t 92 2 73
t 92 3 44
t 92 4 30
t 93 0 78
t 93 2 66
t 93 3 24
t 93 4 22
t 94 0 74
t 94 1 83
t 94 2 79
t 94 3 95
t 94 4 22
t 95 0 80
t 95 4 9
t 96 0 81
t 96 2 81
t 96 4 22
t 97 0 75
t 97 1 98
t 97 2 82
t 97 3 99
t 97 4 30
t 98 0 68
t 98 2 79
t 98 3 95
t 98 4 22
t 99 0 100
t 99 1 95
t 99 4 22
t 100 0 71
t 100 1 27
t 100 4 9
t 101 0 102
t 101 1 103
t 101 2 85
t 101 4 30
t 102 0 86
t 102 1 104
t 102 2 72
t 102 4 22
t 103 0 87
t 103 2 72
t 103 4 22
t 104 2 65
t 104 4 9
t 105 0 106
t 105 1 92
t 105 2 88
t 105 3 52
t 105 4 39
t 106 0 89
t 106 1 91
t 106 2 73
t 106 3 44
t 106 4 30
t 107 0 90
t 107 1 108
t 107 2 34
t 107 3 43
t 107 4 39
t 108 2 73
t 108 3 44
t 108 4 30
t 109 0 92
t 109 2 88
t 109 3 52
t 109 4 39
t 110 0 93
t 110 2 73
t 110 3 33
t 110 4 30
t 111 0 89
t 111 1 98
t 111 2 94
t 111 3 112
t 111 4 30
t 112 0 95
t 112 4 22
t 113 0 96
t 113 2 96
t 113 4 30
t 114 0 90
t 114 1 115
t 114 2 97
t 114 3 116
t 114 4 39
t 115 0 77
t 115 2 94
t 115 3 112
t 115 4 30
t 116 0 117
t 116 1 112
t 116 4 30
t 117 0 100
t 117 1 36
t 117 4 22
t 118 0 119
t 118 1 120
t 118 2 101
t 118 4 39
t 119 0 102
t 119 1 121
t 119 2 85
t 119 4 30
t 120 0 103
t 120 2 85
t 120 4 30
t 121 2 72
t 121 4 22
t 122 0 123
t 122 1 109
t 122 2 105
t 122 3 124
t 122 4 214
t 123 0 106
t 123 1 108
t 123 2 88
t 123 3 52
t 123 4 39
t 124 0 488
t 124 1 490
t 124 2 484
t 124 3 476
t 124 4 39
t 125 0 216
t 125 1 218
t 125 2 220
t 125 3 205
t 125 4 47
t 126 0 230
t 126 1 500
t 126 2 242
t 126 3 244
t 126 4 249
t 127 0 512
t 127 1 218
t 127 2 271
t 127 3 205
t 127 4 47
t 128 0 107
t 128 1 131
t 128 2 42
t 128 3 51
t 128 4 47
t 129 0 416
t 129 1 130
t 129 2 440
t 129 3 447
t 129 4 643
t 130 0 430
t 130 1 635
t 130 2 431
t 130 3 435
t 130 4 54
t 131 2 88
t 131 3 52
t 131 4 39
t 132 0 109
t 132 1 226
t 132 2 105
t 132 3 124
t 132 4 214
t 133 0 110
t 133 2 88
t 133 3 41
t 133 4 39
t 134 0 106
t 134 1 115
t 134 2 111
t 134 3 135
t 134 4 39
t 135 0 112
t 135 1 283
t 135 2 290
t 135 3 286
t 135 4 30
t 136 0 113
t 136 1 282
t 136 2 291
t 136 3 289
t 136 4 39
t 137 0 107
t 137 1 138
t 137 2 114
t 137 3 139
t 137 4 47
t 138 0 92
t 138 1 292
t 138 2 111
t 138 3 135
t 138 4 39
t 139 0 140
t 139 1 514
t 139 2 292
t 139 3 289
t 139 4 39
t 140 0 117
t 140 1 44
t 140 4 30
t 141 0 142
t 141 1 143
t 141 2 294
t 141 3 296
t 141 4 47
t 142 0 119
t 142 1 144
t 142 2 101
t 142 4 39
t 143 0 120
t 143 1 282
t 143 2 293
t 143 3 289
t 143 4 39
t 144 2 85
t 144 4 30
t 145 0 146
t 145 1 212
t 145 2 122
t 145 3 125
t 145 4 221
t 146 0 133
t 146 2 105
t 146 3 49
t 146 4 47
t 147 0 148
t 147 1 149
t 147 2 151
t 147 3 152
t 147 4 332
t 148 0 123
t 148 1 131
t 148 2 105
t 148 3 124
t 148 4 214
t 149 0 109
t 149 2 540
t 149 3 150
t 149 4 47
t 150 0 541
t 150 4 39
t 151 0 123
t 151 1 542
t 151 2 540
t 151 3 150
t 151 4 47
t 152 0 331
t 152 1 543
t 152 2 326
t 152 3 536
t 152 4 47
t 153 0 154
t 153 1 545
t 153 2 338
t 153 3 325
t 153 4 54
t 154 0 544
t 154 1 503
t 154 2 337
t 154 3 205
t 154 4 47
t 155 0 156
t 155 1 545
t 155 2 394
t 155 3 325
t 155 4 54
t 156 0 548
t 156 1 503
t 156 2 391
t 156 3 205
t 156 4 47
t 157 0 128
t 157 1 158
t 157 2 50
t 157 3 126
t 157 4 251
t 158 0 549
t 158 1 555
t 158 2 105
t 158 3 124
t 158 4 214
t 159 0 128
t 159 1 149
t 159 2 559
t 159 3 160
t 159 4 54
t 160 0 161
t 160 1 150
t 160 4 47
t 161 0 140
t 161 1 52
t 161 4 39
t 162 0 163
t 162 1 562
t 162 2 359
t 162 3 368
t 162 4 370
t 163 0 161
t 163 1 561
t 163 2 260
t 163 3 244
t 163 4 249
t 164 0 165
t 164 1 167
t 164 2 392
t 164 3 275
t 164 4 277
t 165 0 142
t 165 1 166
t 165 2 118
t 165 4 47
t 166 2 101
t 166 4 39
t 167 0 512
t 167 1 503
t 167 2 391
t 167 3 205
t 167 4 47
t 168 0 396
t 168 1 398
t 168 2 585
t 168 3 368
t 168 4 370
t 169 0 170
t 169 1 193
t 169 2 195
t 169 3 197
t 169 4 201
t 170 1 171
t 170 2 185
t 170 3 187
t 170 4 191
t 171 0 172
t 171 1 180
t 171 2 182
t 171 3 177
t 171 4 184
t 172 1 173
t 172 2 175
t 172 3 173
t 172 4 176
t 173 0 174
t 173 1 174
t 173 2 174
t 173 3 174
t 173 4 174
t 175 3 174
t 175 4 174
t 176 2 174
t 176 3 174
t 177 0 181
t 177 1 173
t 177 2 462
t 177 3 173
t 177 4 463
t 178 0 15
t 178 1 297
t 178 2 179
t 178 3 325
t 178 4 327
t 179 0 203
t 179 3 536
t 179 4 323
t 180 0 181
t 180 1 173
t 180 2 175
t 180 3 173
t 180 4 176
t 181 1 174
t 181 2 174
t 181 3 174
t 181 4 174
t 182 3 173
t 182 4 183
t 183 3 174
t 184 2 183
t 184 3 176
t 185 3 464
t 185 4 186
t 186 3 183
t 187 0 190
t 187 1 465
t 187 2 188
t 187 3 177
t 188 0 189
t 188 1 462
t 188 3 173
t 189 1 174
t 189 3 174
t 189 4 174
t 190 1 173
t 190 2 189
t 190 3 173
t 190 4 463
t 191 2 192
t 191 3 184
t 192 3 176
t 193 0 194
t 193 1 171
t 193 2 185
t 193 3 187
t 193 4 191
t 194 1 180
t 194 2 182
t 194 3 177
t 194 4 184
t 195 3 468
t 195 4 196
t 196 3 186
t 197 0 198
t 197 1 199
t 197 2 474
t 197 3 187
t 198 1 471
t 198 2 472
t 198 3 177
t 199 0 473
t 199 1 465
t 199 2 200
t 199 3 177
t 200 0 175
t 200 3 173
t 201 2 202
t 201 3 191
t 202 3 184
t 203 3 476
t 203 4 204
t 204 3 196
t 205 0 206
t 205 1 208
t 205 2 484
t 205 3 197
t 206 1 481
t 206 2 207
t 206 3 187
t 207 1 472
t 207 3 464
t 208 0 483
t 208 1 199
t 208 2 209
t 208 3 187
t 209 0 482
t 209 3 464
t 210 2 211
t 210 3 201
t 211 3 191
t 212 0 213
t 212 1 169
t 212 2 203
t 212 3 205
t 212 4 210
t 213 1 193
t 213 2 195
t 213 3 197
t 213 4 201
t 214 0 6
t 214 1 48
t 214 2 97
t 214 3 215
t 214 4 39
t 215 0 102
t 215 1 103
t 215 2 85
t 215 3 196
t 215 4 30
t 216 1 492
t 216 2 217
t 216 3 197
t 217 1 207
t 217 3 468
t 218 0 494
t 218 1 208
t 218 2 219
t 218 3 197
t 219 0 493
t 219 3 468
t 220 0 495
t 220 1 484
t 220 2 41
t 220 3 476
t 220 4 39
t 221 0 5
t 221 1 55
t 221 2 222
t 221 3 224
t 221 4 47
t 222 0 90
t 222 1 115
t 222 2 97
t 222 3 223
t 222 4 39
t 223 0 117
t 223 1 112
t 223 2 202
t 223 3 191
t 223 4 30
t 224 0 119
t 224 1 120
t 224 2 225
t 224 3 201
t 224 4 39
t 225 0 102
t 225 1 103
t 225 2 85
t 225 3 191
t 225 4 30
t 226 1 227
t 226 3 476
t 226 4 204
t 227 1 228
t 227 3 468
t 227 4 196
t 228 1 229
t 228 3 464
t 228 4 186
t 229 1 189
t 229 3 173
t 229 4 183
t 230 1 496
t 230 2 231
t 230 3 238
t 230 4 241
t 231 1 207
t 231 3 232
t 231 4 237
t 232 0 233
t 232 1 470
t 232 2 234
t 232 3 235
t 232 4 236
t 233 1 173
t 233 2 189
t 233 3 173
t 233 4 497
t 234 0 189
t 234 1 462
t 234 3 173
t 234 4 497
t 235 0 181
t 235 1 173
t 235 2 462
t 235 3 173
t 235 4 497
t 236 1 497
t 237 1 236
t 238 0 239
t 238 1 479
t 238 2 240
t 238 3 232
t 238 4 237
t 239 1 478
t 239 2 498
t 239 3 235
t 239 4 236
t 240 0 499
t 240 1 188
t 240 3 235
t 240 4 236
t 241 1 237
t 242 0 243
t 242 1 484
t 242 3 238
t 242 4 241
t 243 1 474
t 243 3 232
t 243 4 237
t 244 0 245
t 244 1 490
t 244 2 247
t 244 3 238
t 244 4 241
t 245 1 489
t 245 2 246
t 245 3 232
t 245 4 237
t 246 1 472
t 246 3 235
t 246 4 236
t 247 0 248
t 247 1 474
t 247 3 232
t 247 4 237
t 248 1 188
t 248 3 235
t 248 4 236
t 249 0 6
t 249 1 250
t 249 2 97
t 249 3 101
t 249 4 39
t 250 0 93
t 250 1 237
t 250 2 94
t 250 3 96
t 250 4 30
t 251 0 5
t 251 1 252
t 251 2 114
t 251 3 257
t 251 4 47
t 252 0 110
t 252 1 253
t 252 2 111
t 252 3 256
t 252 4 39
t 253 1 254
t 253 3 254
t 254 1 255
t 254 3 255
t 255 1 502
t 255 3 502
t 256 0 96
t 256 1 254
t 256 2 96
t 256 3 254
t 256 4 30
t 257 0 119
t 257 1 258
t 257 2 101
t 257 3 253
t 257 4 39
t 258 0 103
t 258 1 254
t 258 2 85
t 258 3 254
t 258 4 30
t 259 1 503
t 259 2 260
t 259 3 261
t 259 4 270
t 260 1 217
t 260 3 238
t 260 4 241
t 261 0 262
t 261 1 208
t 261 2 247
t 261 3 267
t 261 4 269
t 262 1 481
t 262 2 246
t 262 3 263
t 262 4 266
t 263 0 264
t 263 1 465
t 263 2 234
t 263 3 265
t 263 4 506
t 264 1 173
t 264 2 189
t 264 3 173
t 264 4 505
t 265 0 181
t 265 1 173
t 265 2 462
t 265 3 173
t 265 4 505
t 266 1 508
t 266 2 236
t 267 0 268
t 267 1 199
t 267 2 240
t 267 3 263
t 267 4 266
t 268 1 471
t 268 2 498
t 268 3 265
t 268 4 506
t 269 1 510
t 269 2 237
t 270 1 511
t 270 2 241
t 271 0 504
t 271 1 46
t 271 2 37
t 271 3 476
t 271 4 39
t 272 0 273
t 272 1 274
t 272 2 45
t 272 3 244
t 272 4 249
t 273 1 484
t 273 3 238
t 273 4 241
t 274 0 495
t 274 1 484
t 274 2 37
t 274 3 476
t 274 4 39
t 275 0 276
t 275 1 218
t 275 2 242
t 275 3 261
t 275 4 270
t 276 1 492
t 276 2 231
t 276 3 267
t 276 4 269
t 277 0 5
t 277 1 278
t 277 2 279
t 277 3 118
t 277 4 47
t 278 0 110
t 278 1 511
t 278 2 111
t 278 3 113
t 278 4 39
t 279 0 90
t 279 1 280
t 279 2 97
t 279 3 116
t 279 4 39
t 280 0 77
t 280 1 237
t 280 2 94
t 280 3 112
t 280 4 30
t 281 1 282
t 281 2 288
t 281 3 289
t 282 1 283
t 282 2 285
t 282 3 286
t 283 1 509
t 283 2 284
t 283 3 507
t 284 3 513
t 285 3 507
t 286 1 509
t 286 2 287
t 286 3 507
t 287 1 502
t 287 3 513
t 288 3 286
t 289 1 283
t 289 2 290
t 289 3 286
t 290 1 287
t 290 3 507
t 291 0 96
t 291 1 290
t 291 2 96
t 291 3 286
t 291 4 30
t 292 1 290
t 292 3 286
t 293 0 102
t 293 1 103
t 293 2 85
t 293 3 286
t 293 4 30
t 294 0 119
t 294 1 295
t 294 2 101
t 294 3 289
t 294 4 39
t 295 0 103
t 295 1 290
t 295 2 85
t 295 3 286
t 295 4 30
t 296 1 282
t 296 2 292
t 296 3 289
t 297 0 213
t 297 1 298
t 297 2 314
t 297 3 317
t 297 4 319
t 298 0 170
t 298 1 299
t 298 2 308
t 298 3 310
t 298 4 311
t 299 0 194
t 299 1 300
t 299 2 303
t 299 3 304
t 299 4 306
t 300 0 172
t 300 1 302
t 300 2 301
t 300 3 467
t 300 4 518
t 301 0 175
t 301 3 173
t 301 4 516
t 302 0 181
t 302 1 173
t 302 2 466
t 302 3 173
t 302 4 515
t 303 0 182
t 303 3 519
t 303 4 521
t 304 0 190
t 304 1 523
t 304 2 305
t 304 3 467
t 304 4 524
t 305 0 189
t 305 1 462
t 305 3 173
t 305 4 520
t 306 0 307
t 306 2 522
t 306 3 518
t 307 2 183
t 307 3 515
t 308 0 185
t 308 3 525
t 308 4 309
t 309 0 527
t 309 3 521
t 310 0 198
t 310 1 529
t 310 2 531
t 310 3 304
t 311 0 312
t 311 2 313
t 311 3 306
t 312 2 528
t 312 3 518
t 313 0 528
t 313 3 518
t 314 0 195
t 314 3 532
t 314 4 315
t 315 0 316
t 315 3 309
t 316 3 521
t 317 0 206
t 317 1 534
t 317 2 318
t 317 3 310
t 318 0 485
t 318 1 531
t 318 3 525
t 319 0 320
t 319 2 322
t 319 3 311
t 320 2 321
t 320 3 306
t 321 3 518
t 322 0 321
t 322 3 306
t 323 0 324
t 323 3 315
t 324 3 309
t 325 0 216
t 325 1 538
t 325 2 326
t 325 3 317
t 326 0 495
t 326 1 318
t 326 3 532
t 327 0 328
t 327 2 330
t 327 3 319
t 328 2 329
t 328 3 311
t 329 3 306
t 330 0 329
t 330 3 311
t 331 0 541
t 331 1 496
t 331 2 217
t 331 3 476
t 331 4 39
t 332 0 333
t 332 1 55
t 332 2 114
t 332 3 335
t 332 4 47
t 333 0 6
t 333 1 32
t 333 2 34
t 333 3 334
t 333 4 39
t 334 0 316
t 334 1 38
t 334 2 28
t 334 3 309
t 334 4 30
t 335 0 336
t 335 1 120
t 335 2 101
t 335 3 315
t 335 4 39
t 336 0 102
t 336 1 121
t 336 2 85
t 336 3 309
t 336 4 30
t 337 0 113
t 337 1 217
t 337 2 113
t 337 3 476
t 337 4 39
t 338 0 339
t 338 1 326
t 338 2 544
t 338 3 536
t 338 4 47
t 339 0 113
t 339 1 484
t 339 2 113
t 339 3 476
t 339 4 39
t 340 0 341
t 340 1 547
t 340 2 346
t 340 3 350
t 340 4 54
t 341 0 5
t 341 1 14
t 341 2 342
t 341 3 344
t 341 4 47
t 342 0 90
t 342 1 92
t 342 2 34
t 342 3 343
t 342 4 39
t 343 0 312
t 343 1 44
t 343 2 313
t 343 3 306
t 343 4 30
t 344 0 320
t 344 1 46
t 344 2 345
t 344 3 311
t 344 4 39
t 345 0 321
t 345 1 38
t 345 2 28
t 345 3 306
t 345 4 30
t 346 0 347
t 346 1 542
t 346 2 114
t 346 3 348
t 346 4 47
t 347 0 90
t 347 1 108
t 347 2 34
t 347 3 343
t 347 4 39
t 348 0 349
t 348 1 541
t 348 2 322
t 348 3 311
t 348 4 39
t 349 0 117
t 349 1 44
t 349 2 321
t 349 3 306
t 349 4 30
t 350 0 351
t 350 1 548
t 350 2 353
t 350 3 319
t 350 4 47
t 351 0 119
t 351 1 144
t 351 2 352
t 351 3 311
t 351 4 39
t 352 0 102
t 352 1 103
t 352 2 85
t 352 3 306
t 352 4 30
t 353 0 354
t 353 1 120
t 353 2 101
t 353 3 311
t 353 4 39
t 354 0 102
t 354 1 121
t 354 2 85
t 354 3 306
t 354 4 30
t 355 0 109
t 355 1 555
t 355 2 105
t 355 3 124
t 355 4 214
t 356 0 549
t 356 1 357
t 356 3 536
t 356 4 323
t 357 0 556
t 357 1 358
t 357 3 532
t 357 4 315
t 358 0 554
t 358 1 557
t 358 3 525
t 358 4 309
t 359 0 273
t 359 1 326
t 359 3 360
t 359 4 568
t 360 0 245
t 360 1 537
t 360 2 361
t 360 3 366
t 360 4 567
t 361 0 248
t 361 1 531
t 361 3 362
t 361 4 565
t 362 0 233
t 362 1 526
t 362 2 363
t 362 3 364
t 362 4 365
t 363 0 189
t 363 1 462
t 363 3 173
t 363 4 564
t 364 0 181
t 364 1 173
t 364 2 462
t 364 3 173
t 364 4 564
t 365 0 497
t 365 1 564
t 366 0 239
t 366 1 533
t 366 2 367
t 366 3 362
t 366 4 565
t 367 0 499
t 367 1 305
t 367 3 364
t 367 4 365
t 368 0 230
t 368 1 543
t 368 2 369
t 368 3 360
t 368 4 568
t 369 0 243
t 369 1 318
t 369 3 366
t 369 4 567
t 370 0 371
t 370 1 374
t 370 2 114
t 370 3 118
t 370 4 47
t 371 0 6
t 371 1 372
t 371 2 34
t 371 3 37
t 371 4 39
t 372 0 373
t 372 1 565
t 372 2 73
t 372 3 33
t 372 4 30
t 373 1 365
t 374 0 375
t 374 1 567
t 374 2 111
t 374 3 113
t 374 4 39
t 375 0 93
t 375 1 565
t 375 2 73
t 375 3 33
t 375 4 30
t 376 0 377
t 376 1 382
t 376 2 559
t 376 3 386
t 376 4 54
t 377 0 5
t 377 1 378
t 377 2 42
t 377 3 380
t 377 4 47
t 378 0 572
t 378 1 581
t 378 2 88
t 378 3 379
t 378 4 39
t 379 0 582
t 379 1 573
t 379 2 33
t 379 3 573
t 379 4 30
t 380 0 572
t 380 1 381
t 380 2 37
t 380 3 581
t 380 4 39
t 381 0 582
t 381 1 573
t 381 2 28
t 381 3 573
t 381 4 30
t 382 0 383
t 382 1 569
t 382 2 540
t 382 3 384
t 382 4 47
t 383 0 110
t 383 1 581
t 383 2 88
t 383 3 379
t 383 4 39
t 384 0 385
t 384 1 581
t 384 2 113
t 384 3 581
t 384 4 39
t 385 0 96
t 385 1 573
t 385 2 96
t 385 3 573
t 385 4 30
t 386 0 387
t 386 1 389
t 386 2 118
t 386 3 569
t 386 4 47
t 387 0 119
t 387 1 388
t 387 2 101
t 387 3 581
t 387 4 39
t 388 0 582
t 388 1 573
t 388 2 85
t 388 3 573
t 388 4 30
t 389 0 390
t 389 1 581
t 389 2 101
t 389 3 581
t 389 4 39
t 390 0 103
t 390 1 573
t 390 2 85
t 390 3 573
t 390 4 30
t 391 0 119
t 391 1 120
t 391 2 101
t 391 3 476
t 391 4 39
t 392 0 142
t 392 1 393
t 392 2 118
t 392 3 244
t 392 4 249
t 393 0 120
t 393 1 217
t 393 2 101
t 393 3 476
t 393 4 39
t 394 0 395
t 394 1 548
t 394 2 118
t 394 3 536
t 394 4 47
t 395 0 119
t 395 1 144
t 395 2 101
t 395 3 476
t 395 4 39
t 396 0 142
t 396 1 397
t 396 2 118
t 396 3 244
t 396 4 249
t 397 0 495
t 397 1 484
t 397 2 101
t 397 3 476
t 397 4 39
t 398 0 399
t 398 1 326
t 398 2 118
t 398 3 536
t 398 4 47
t 399 0 120
t 399 1 484
t 399 2 101
t 399 3 476
t 399 4 39
t 400 0 259
t 400 1 545
t 400 2 359
t 400 3 401
t 400 4 601
t 401 0 276
t 401 1 538
t 401 2 369
t 401 3 402
t 401 4 596
t 402 0 262
t 402 1 534
t 402 2 361
t 402 3 403
t 402 4 591
t 403 0 268
t 403 1 529
t 403 2 367
t 403 3 404
t 403 4 588
t 404 0 264
t 404 1 523
t 404 2 363
t 404 3 405
t 404 4 587
t 405 0 181
t 405 1 173
t 405 2 462
t 405 3 173
t 405 4 586
t 406 0 407
t 406 1 410
t 406 2 411
t 406 3 585
t 406 4 54
t 407 0 5
t 407 1 486
t 407 2 408
t 407 3 45
t 407 4 47
t 408 0 90
t 408 1 409
t 408 2 34
t 408 3 43
t 408 4 39
t 409 0 77
t 409 1 237
t 409 2 73
t 409 3 44
t 409 4 30
t 410 0 487
t 410 1 604
t 410 2 540
t 410 3 544
t 410 4 47
t 411 0 412
t 411 1 414
t 411 2 114
t 411 3 560
t 411 4 47
t 412 0 90
t 412 1 413
t 412 2 34
t 412 3 43
t 412 4 39
t 413 0 373
t 413 1 565
t 413 2 73
t 413 3 44
t 413 4 30
t 414 0 415
t 414 1 567
t 414 2 111
t 414 3 541
t 414 4 39
t 415 0 77
t 415 1 565
t 415 2 73
t 415 3 44
t 415 4 30
t 416 0 4
t 416 1 417
t 416 2 422
t 416 3 425
t 416 4 54
t 417 0 606
t 417 1 625
t 417 2 418
t 417 3 420
t 417 4 47
t 418 0 106
t 418 1 92
t 418 2 88
t 418 3 419
t 418 4 39
t 419 0 621
t 419 1 623
t 419 2 576
t 419 3 616
t 419 4 30
t 420 0 627
t 420 1 629
t 420 2 421
t 420 3 620
t 420 4 39
t 421 0 583
t 421 1 576
t 421 2 33
t 421 3 616
t 421 4 30
t 422 0 107
t 422 1 423
t 422 2 42
t 422 3 424
t 422 4 47
t 423 0 92
t 423 1 631
t 423 2 88
t 423 3 419
t 423 4 39
t 424 0 627
t 424 1 632
t 424 2 584
t 424 3 620
t 424 4 39
t 425 0 633
t 425 1 426
t 425 2 428
t 425 3 634
t 425 4 47
t 426 0 626
t 426 1 629
t 426 2 427
t 426 3 620
t 426 4 39
t 427 0 615
t 427 1 38
t 427 2 28
t 427 3 616
t 427 4 30
t 428 0 579
t 428 1 429
t 428 2 37
t 428 3 620
t 428 4 39
t 429 0 583
t 429 1 576
t 429 2 28
t 429 3 616
t 429 4 30
t 430 0 133
t 430 1 625
t 430 2 418
t 430 3 420
t 430 4 47
t 431 0 432
t 431 1 542
t 431 2 540
t 431 3 433
t 431 4 47
t 432 0 106
t 432 1 108
t 432 2 88
t 432 3 419
t 432 4 39
t 433 0 434
t 433 1 629
t 433 2 584
t 433 3 620
t 433 4 39
t 434 0 112
t 434 1 613
t 434 2 628
t 434 3 616
t 434 4 30
t 435 0 436
t 435 1 636
t 435 2 438
t 435 3 634
t 435 4 47
t 436 0 113
t 436 1 607
t 436 2 437
t 436 3 620
t 436 4 39
t 437 0 96
t 437 1 628
t 437 2 96
t 437 3 616
t 437 4 30
t 438 0 439
t 438 1 584
t 438 2 113
t 438 3 620
t 438 4 39
t 439 0 96
t 439 1 576
t 439 2 96
t 439 3 616
t 439 4 30
t 440 0 441
t 440 1 443
t 440 2 559
t 440 3 445
t 440 4 54
t 441 0 107
t 441 1 442
t 441 2 42
t 441 3 424
t 441 4 47
t 442 0 579
t 442 1 584
t 442 2 88
t 442 3 419
t 442 4 39
t 443 0 444
t 443 1 570
t 443 2 540
t 443 3 433
t 443 4 47
t 444 0 92
t 444 1 584
t 444 2 88
t 444 3 419
t 444 4 39
t 445 0 446
t 445 1 640
t 445 2 570
t 445 3 634
t 445 4 47
t 446 0 140
t 446 1 639
t 446 2 631
t 446 3 620
t 446 4 39
t 447 0 448
t 447 1 453
t 447 2 457
t 447 3 642
t 447 4 54
t 448 0 142
t 448 1 449
t 448 2 451
t 448 3 634
t 448 4 47
t 449 0 626
t 449 1 607
t 449 2 450
t 449 3 620
t 449 4 39
t 450 0 102
t 450 1 103
t 450 2 85
t 450 3 616
t 450 4 30
t 451 0 119
t 451 1 452
t 451 2 101
t 451 3 620
t 451 4 39
t 452 0 103
t 452 1 628
t 452 2 85
t 452 3 616
t 452 4 30
t 453 0 454
t 453 1 636
t 453 2 455
t 453 3 634
t 453 4 47
t 454 0 120
t 454 1 607
t 454 2 450
t 454 3 620
t 454 4 39
t 455 0 456
t 455 1 120
t 455 2 101
t 455 3 620
t 455 4 39
t 456 0 102
t 456 1 121
t 456 2 85
t 456 3 616
t 456 4 30
t 457 0 458
t 457 1 460
t 457 2 118
t 457 3 634
t 457 4 47
t 458 0 119
t 458 1 459
t 458 2 101
t 458 3 620
t 458 4 39
t 459 0 583
t 459 1 576
t 459 2 85
t 459 3 616
t 459 4 30
t 460 0 461
t 460 1 584
t 460 2 101
t 460 3 620
t 460 4 39
t 461 0 103
t 461 1 576
t 461 2 85
t 461 3 616
t 461 4 30
t 462 0 174
t 462 1 174
t 462 3 174
t 462 4 174
t 463 2 174
t 464 0 181
t 464 1 173
t 464 2 462
t 464 3 173
t 465 0 181
t 465 1 173
t 465 2 466
t 465 3 173
t 465 4 463
t 466 0 174
t 466 3 174
t 466 4 174
t 467 0 181
t 467 1 173
t 467 2 462
t 467 3 173
t 467 4 517
t 468 0 469
t 468 1 470
t 468 2 188
t 468 3 464
t 469 1 173
t 469 2 189
t 469 3 173
t 470 0 181
t 470 1 173
t 470 2 466
t 470 3 173
t 471 0 181
t 471 1 173
t 471 2 175
t 471 3 173
t 471 4 463
t 472 1 189
t 472 3 173
t 473 1 173
t 473 2 175
t 473 3 173
t 473 4 463
t 474 0 475
t 474 1 188
t 474 3 464
t 475 1 462
t 475 3 173
t 476 0 477
t 476 1 479
t 476 2 474
t 476 3 468
t 477 1 478
t 477 2 472
t 477 3 464
t 478 0 181
t 478 1 173
t 478 2 175
t 478 3 173
t 479 0 480
t 479 1 470
t 479 2 200
t 479 3 464
t 480 1 173
t 480 2 175
t 480 3 173
t 481 0 473
t 481 1 471
t 481 2 482
t 481 3 177
t 482 3 173
t 483 1 471
t 483 2 482
t 483 3 177
t 484 0 485
t 484 1 474
t 484 3 468
t 485 1 188
t 485 3 464
t 486 0 605
t 486 1 603
t 486 2 88
t 486 3 41
t 486 4 39
t 487 0 110
t 487 1 603
t 487 2 88
t 487 3 41
t 487 4 39
t 488 1 489
t 488 2 207
t 488 3 468
t 489 0 480
t 489 1 478
t 489 2 482
t 489 3 464
t 490 0 491
t 490 1 479
t 490 2 209
t 490 3 468
t 491 1 478
t 491 2 482
t 491 3 464
t 492 0 483
t 492 1 481
t 492 2 493
t 492 3 187
t 493 3 464
t 494 1 481
t 494 2 493
t 494 3 187
t 495 1 474
t 495 3 468
t 496 0 491
t 496 1 489
t 496 2 493
t 496 3 468
t 497 1 174
t 498 1 189
t 498 3 173
t 498 4 497
t 499 1 462
t 499 3 173
t 499 4 497
t 500 0 501
t 500 1 490
t 500 2 219
t 500 3 476
t 500 4 39
t 501 1 489
t 501 2 493
t 501 3 468
t 502 1 174
t 502 3 174
t 503 0 494
t 503 1 492
t 503 2 504
t 503 3 197
t 504 3 468
t 505 1 174
t 505 2 174
t 506 1 505
t 506 2 497
t 507 1 513
t 507 2 502
t 507 3 513
t 508 1 505
t 509 1 513
t 509 2 183
t 509 3 513
t 510 1 508
t 511 1 510
t 512 1 492
t 512 2 504
t 512 3 197
t 513 1 174
t 513 2 174
t 513 3 174
t 514 0 112
t 514 1 283
t 514 2 285
t 514 3 286
t 514 4 30
t 515 0 174
t 515 2 174
t 515 3 174
t 516 0 174
t 516 3 174
t 517 0 174
t 517 2 174
t 518 0 176
t 518 2 516
t 518 3 515
t 519 0 181
t 519 1 173
t 519 2 462
t 519 3 173
t 519 4 520
t 520 0 174
t 521 0 183
t 521 3 516
t 522 0 183
t 522 3 515
t 523 0 181
t 523 1 173
t 523 2 466
t 523 3 173
t 523 4 517
t 524 0 463
t 524 2 520
t 525 0 469
t 525 1 526
t 525 2 305
t 525 3 519
t 526 0 181
t 526 1 173
t 526 2 466
t 526 3 173
t 526 4 520
t 527 3 516
t 528 3 515
t 529 0 473
t 529 1 523
t 529 2 530
t 529 3 467
t 529 4 524
t 530 0 175
t 530 3 173
t 530 4 520
t 531 0 475
t 531 1 305
t 531 3 519
t 532 0 477
t 532 1 533
t 532 2 531
t 532 3 525
t 533 0 480
t 533 1 526
t 533 2 530
t 533 3 519
t 534 0 483
t 534 1 529
t 534 2 535
t 534 3 304
t 535 0 482
t 535 3 519
t 536 0 488
t 536 1 537
t 536 2 318
t 536 3 532
t 537 0 491
t 537 1 533
t 537 2 535
t 537 3 525
t 538 0 494
t 538 1 534
t 538 2 539
t 538 3 310
t 539 0 493
t 539 3 525
t 540 0 106
t 540 1 115
t 540 2 111
t 540 3 541
t 540 4 39
t 541 0 112
t 541 4 30
t 542 0 92
t 542 2 111
t 542 3 541
t 542 4 39
t 543 0 501
t 543 1 537
t 543 2 539
t 543 3 532
t 544 0 113
t 544 2 113
t 544 4 39
t 545 0 512
t 545 1 538
t 545 2 546
t 545 3 317
t 546 0 504
t 546 3 532
t 547 0 133
t 547 2 540
t 547 3 544
t 547 4 47
t 548 0 120
t 548 2 101
t 548 4 39
t 549 1 550
t 549 3 476
t 549 4 204
t 550 0 554
t 550 1 551
t 550 3 468
t 550 4 196
t 551 0 552
t 551 1 553
t 551 3 464
t 551 4 186
t 552 1 462
t 552 3 173
t 552 4 183
t 553 0 189
t 553 1 462
t 553 3 173
t 553 4 183
t 554 1 553
t 554 3 464
t 554 4 186
t 555 0 556
t 555 1 550
t 555 3 476
t 555 4 204
t 556 1 551
t 556 3 468
t 556 4 196
t 557 0 552
t 557 1 558
t 557 3 519
t 557 4 521
t 558 0 189
t 558 1 462
t 558 3 173
t 558 4 516
t 559 0 107
t 559 1 542
t 559 2 114
t 559 3 560
t 559 4 47
t 560 0 140
t 560 1 541
t 560 4 39
t 561 0 501
t 561 1 496
t 561 2 504
t 561 3 476
t 561 4 39
t 562 0 563
t 562 1 543
t 562 2 546
t 562 3 536
t 562 4 47
t 563 0 541
t 563 1 496
t 563 2 504
t 563 3 476
t 563 4 39
t 564 0 174
t 564 1 174
t 565 0 566
t 565 1 365
t 566 1 564
t 567 0 373
t 567 1 565
t 568 0 571
t 568 1 567
t 569 0 572
t 569 1 581
t 569 3 581
t 570 0 579
t 570 1 584
t 570 3 620
t 571 1 565
t 572 1 573
t 572 3 573
t 573 0 574
t 573 1 575
t 573 3 575
t 574 1 580
t 574 3 580
t 575 0 502
t 575 1 580
t 575 3 580
t 576 0 577
t 576 1 578
t 576 3 612
t 577 1 580
t 577 3 610
t 578 0 502
t 578 1 580
t 578 3 610
t 579 1 576
t 579 3 616
t 580 0 174
t 580 1 174
t 580 3 174
t 581 0 582
t 581 1 573
t 581 3 573
t 582 1 575
t 582 3 575
t 583 1 578
t 583 3 612
t 584 0 583
t 584 1 576
t 584 3 616
t 585 0 142
t 585 1 548
t 585 2 118
t 585 4 47
t 586 0 174
t 586 1 174
t 586 2 174
t 587 0 505
t 587 1 586
t 587 2 564
t 588 0 589
t 588 1 590
t 588 2 365
t 589 1 586
t 589 2 497
t 590 0 505
t 590 1 586
t 590 2 520
t 591 0 592
t 591 1 594
t 591 2 565
t 592 1 593
t 592 2 236
t 593 0 505
t 593 1 586
t 594 0 595
t 594 1 590
t 595 1 586
t 596 0 597
t 596 1 599
t 596 2 567
t 597 1 598
t 597 2 237
t 598 0 595
t 598 1 593
t 599 0 600
t 599 1 594
t 600 1 593
t 601 0 602
t 601 1 604
t 601 2 568
t 602 1 603
t 602 2 241
t 603 0 600
t 603 1 598
t 604 0 605
t 604 1 599
t 605 1 598
t 606 1 607
t 606 2 619
t 606 3 620
t 607 0 608
t 607 1 613
t 607 2 615
t 607 3 616
t 608 1 609
t 608 2 611
t 608 3 612
t 609 0 513
t 609 1 610
t 609 2 183
t 609 3 610
t 610 0 174
t 610 1 174
t 610 2 174
t 610 3 174
t 611 3 610
t 612 0 513
t 612 1 610
t 612 2 580
t 612 3 610
t 613 0 614
t 613 1 609
t 613 2 611
t 613 3 612
t 614 1 610
t 614 2 183
t 614 3 610
t 615 3 612
t 616 0 617
t 616 1 618
t 616 2 578
t 616 3 612
t 617 1 610
t 617 2 502
t 617 3 610
t 618 0 513
t 618 1 610
t 618 2 516
t 618 3 610
t 619 3 616
t 620 0 621
t 620 1 623
t 620 2 576
t 620 3 616
t 621 1 609
t 621 2 622
t 621 3 612
t 622 1 502
t 622 3 610
t 623 0 614
t 623 1 618
t 623 2 624
t 623 3 612
t 624 0 183
t 624 3 610
t 625 0 626
t 625 1 607
t 625 2 619
t 625 3 620
t 626 1 613
t 626 2 615
t 626 3 616
t 627 1 613
t 627 2 628
t 627 3 616
t 628 1 622
t 628 3 612
t 629 0 608
t 629 1 623
t 629 2 630
t 629 3 616
t 630 0 611
t 630 3 612
t 631 1 628
t 631 3 616
t 632 0 608
t 632 1 623
t 632 2 630
t 632 3 616
t 632 4 30
t 633 1 607
t 633 2 631
t 633 3 620
t 634 0 627
t 634 1 629
t 634 2 584
t 634 3 620
t 635 0 606
t 635 1 636
t 635 2 638
t 635 3 634
t 636 0 626
t 636 1 629
t 636 2 637
t 636 3 620
t 637 0 615
t 637 3 616
t 638 0 619
t 638 3 620
t 639 0 608
t 639 1 613
t 639 2 615
t 639 3 616
t 639 4 30
t 640 0 641
t 640 1 629
t 640 2 637
t 640 3 620
t 640 4 39
t 641 0 112
t 641 1 613
t 641 2 615
t 641 3 616
t 641 4 30
t 642 0 633
t 642 1 636
t 642 2 570
t 642 3 634
t 643 0 4
t 643 1 547
t 643 2 559
t 643 3 585
t 643 4 54
a 1
r 174
