27 3
0
t 0 0 2
t 0 1 18
t 0 2 22
t 2 0 3
t 2 1 6
t 2 2 15
t 3 0 4
t 3 1 7
t 3 2 12
t 4 0 5
t 4 1 8
t 4 2 5
t 5 0 1
t 5 1 1
t 5 2 1
t 6 0 9
t 6 1 13
t 6 2 12
t 7 2 5
t 8 2 1
t 9 1 10
t 10 0 11
t 10 1 11
t 10 2 11
t 12 0 5
t 12 1 5
t 12 2 5
t 13 0 14
t 13 1 10
t 14 1 11
t 14 2 11
t 15 0 4
t 15 1 16
t 15 2 12
t 16 0 5
t 16 1 17
t 16 2 5
t 17 1 11
t 18 0 19
t 18 1 20
t 18 2 15
t 19 0 4
t 19 1 13
t 19 2 12
t 20 0 9
t 20 1 21
t 21 0 14
t 21 1 10
t 21 2 10
t 22 0 23
t 22 1 24
t 22 2 15
t 23 0 4
t 23 1 26
t 23 2 12
t 24 0 25
t 24 1 13
t 24 2 12
t 25 0 5
t 25 1 10
t 25 2 5
t 26 0 17
t 26 1 10
t 26 2 5
a 1
r 11
