118 4
0
t 0 0 2
t 0 1 71
t 0 2 91
t 0 3 101
t 2 0 3
t 2 1 9
t 2 2 63
t 2 3 11
t 3 0 4
t 3 1 10
t 3 2 29
t 3 3 30
t 4 0 5
t 4 1 23
t 4 2 25
t 4 3 26
t 5 0 6
t 5 1 18
t 5 2 20
t 5 3 21
t 6 0 7
t 6 1 14
t 6 2 15
t 6 3 17
t 7 0 8
t 7 1 12
t 7 2 8
t 7 3 13
t 8 0 1
t 8 1 1
t 8 2 1
t 8 3 1
t 9 0 32
t 9 1 54
t 9 2 56
t 9 3 57
t 10 2 25
t 10 3 28
t 11 0 66
t 11 1 67
t 11 2 69
t 11 3 57
t 12 2 1
t 12 3 1
t 13 1 1
t 13 2 1
t 14 2 8
t 14 3 12
t 15 0 8
t 15 1 8
t 15 2 8
t 15 3 16
t 16 1 1
t 17 1 12
t 17 2 13
t 18 2 15
t 18 3 19
t 19 2 12
t 20 0 7
t 20 1 7
t 20 2 15
t 21 1 22
t 21 2 17
t 22 2 13
t 23 2 20
t 23 3 24
t 24 2 19
t 25 0 6
t 25 1 6
t 25 2 20
t 26 1 27
t 26 2 21
t 27 2 17
t 28 2 24
t 29 0 5
t 29 1 5
t 29 2 25
t 30 1 31
t 30 2 26
t 31 2 21
t 32 1 33
t 32 2 48
t 32 3 49
t 33 0 34
t 33 1 42
t 33 2 43
t 33 3 44
t 34 1 35
t 34 2 41
t 34 3 39
t 35 0 36
t 35 1 38
t 35 2 40
t 35 3 38
t 36 1 37
t 36 2 37
t 36 3 37
t 38 0 37
t 38 1 37
t 38 2 37
t 38 3 37
t 39 0 36
t 39 1 38
t 39 2 38
t 39 3 38
t 40 3 37
t 41 3 38
t 42 0 35
t 42 1 35
t 42 2 41
t 42 3 39
t 43 3 39
t 44 0 45
t 44 1 39
t 44 2 47
t 44 3 39
t 45 1 38
t 45 2 46
t 45 3 38
t 46 1 37
t 46 3 37
t 47 0 46
t 47 1 38
t 47 3 38
t 48 3 44
t 49 0 50
t 49 1 52
t 49 2 42
t 49 3 44
t 50 1 35
t 50 2 51
t 50 3 39
t 51 1 46
t 51 3 38
t 52 0 35
t 52 1 39
t 52 2 53
t 52 3 39
t 53 0 40
t 53 3 38
t 54 0 55
t 54 1 33
t 54 2 48
t 54 3 49
t 55 1 42
t 55 2 43
t 55 3 44
t 56 0 5
t 56 1 5
t 56 2 25
t 56 3 49
t 57 0 58
t 57 1 60
t 57 2 62
t 57 3 49
t 58 1 42
t 58 2 59
t 58 3 44
t 59 1 51
t 59 3 39
t 60 0 34
t 60 1 52
t 60 2 61
t 60 3 44
t 61 0 41
t 61 3 39
t 62 0 34
t 62 1 42
t 62 2 24
t 62 3 44
t 63 0 4
t 63 1 64
t 63 2 29
t 63 3 57
t 64 0 5
t 64 1 65
t 64 2 25
t 64 3 49
t 65 1 59
t 65 3 44
t 66 1 33
t 66 2 65
t 66 3 49
t 67 0 55
t 67 1 60
t 67 2 68
t 67 3 49
t 68 0 43
t 68 1 27
t 68 2 21
t 68 3 44
t 69 0 55
t 69 1 70
t 69 2 26
t 69 3 49
t 70 0 34
t 70 1 42
t 70 2 21
t 70 3 44
t 71 0 72
t 71 1 73
t 71 2 75
t 71 3 87
t 72 0 4
t 72 1 54
t 72 2 56
t 72 3 57
t 73 0 32
t 73 1 67
t 73 2 74
t 73 3 57
t 74 0 48
t 74 3 49
t 75 0 76
t 75 1 77
t 75 2 83
t 75 3 85
t 76 0 5
t 76 1 23
t 76 2 25
t 76 3 49
t 77 0 5
t 77 2 78
t 77 3 5
t 78 0 6
t 78 1 79
t 78 2 81
t 78 3 6
t 79 0 7
t 79 2 80
t 79 3 7
t 80 0 8
t 80 1 8
t 80 2 8
t 80 3 8
t 81 0 7
t 81 1 82
t 81 2 80
t 81 3 7
t 82 0 8
t 82 2 8
t 82 3 8
t 83 0 5
t 83 1 84
t 83 2 78
t 83 3 5
t 84 0 6
t 84 2 81
t 84 3 6
t 85 0 86
t 85 1 60
t 85 2 33
t 85 3 49
t 86 0 6
t 86 1 42
t 86 2 59
t 86 3 44
t 87 0 88
t 87 1 67
t 87 2 90
t 87 3 57
t 88 0 5
t 88 1 33
t 88 2 89
t 88 3 49
t 89 0 6
t 89 1 59
t 89 2 6
t 89 3 44
t 90 0 114
t 90 1 33
t 90 2 5
t 90 3 49
t 91 0 92
t 91 1 94
t 91 2 96
t 91 3 100
t 92 0 4
t 92 1 93
t 92 2 29
t 92 3 57
t 93 0 55
t 93 1 33
t 93 2 25
t 93 3 49
t 94 0 95
t 94 1 54
t 94 2 83
t 94 3 85
t 95 0 5
t 95 1 33
t 95 2 25
t 95 3 49
t 96 0 4
t 96 1 77
t 96 2 97
t 96 3 29
t 97 0 5
t 97 1 84
t 97 2 98
t 97 3 25
t 98 0 6
t 98 1 79
t 98 2 99
t 98 3 20
t 99 0 7
t 99 1 82
t 99 2 80
t 99 3 15
t 100 0 88
t 100 1 85
t 100 2 54
t 100 3 57
t 101 0 102
t 101 1 107
t 101 2 111
t 101 3 116
t 102 0 4
t 102 1 103
t 102 2 105
t 102 3 57
t 103 0 55
t 103 1 33
t 103 2 104
t 103 3 49
t 104 0 6
t 104 1 6
t 104 2 20
t 104 3 44
t 105 0 5
t 105 1 106
t 105 2 25
t 105 3 49
t 106 0 6
t 106 1 59
t 106 2 20
t 106 3 44
t 107 0 108
t 107 1 67
t 107 2 109
t 107 3 57
t 108 0 5
t 108 1 33
t 108 2 104
t 108 3 49
t 109 0 110
t 109 1 5
t 109 2 25
t 109 3 49
t 110 0 6
t 110 1 18
t 110 2 20
t 110 3 44
t 111 0 112
t 111 1 115
t 111 2 29
t 111 3 57
t 112 0 5
t 112 1 113
t 112 2 25
t 112 3 49
t 113 0 34
t 113 1 42
t 113 2 20
t 113 3 44
t 114 0 6
t 114 1 42
t 114 2 6
t 114 3 44
t 115 0 117
t 115 1 33
t 115 2 25
t 115 3 49
t 116 0 66
t 116 1 67
t 116 2 54
t 116 3 57
t 117 0 6
t 117 1 42
t 117 2 20
t 117 3 44
a 1
r 37
