23 3
0
t 0 0 2
t 0 1 15
t 0 2 11
t 2 0 3
t 2 1 5
t 2 2 10
t 3 0 4
t 3 1 8
t 3 2 4
t 4 0 1
t 4 1 1
t 4 2 1
t 5 0 9
t 5 1 6
t 5 2 4
t 6 0 7
t 6 1 7
t 6 2 7
t 8 2 1
t 9 1 7
t 9 2 7
t 10 0 4
t 10 1 14
t 10 2 4
t 11 0 12
t 11 1 20
t 11 2 22
t 12 0 4
t 12 1 13
t 12 2 4
t 13 0 7
t 13 1 7
t 13 2 1
t 14 0 1
t 14 1 7
t 14 2 1
t 15 0 18
t 15 1 16
t 15 2 22
t 16 0 9
t 16 1 6
t 16 2 17
t 17 0 7
t 18 0 19
t 18 1 6
t 18 2 4
t 19 0 1
t 19 2 1
t 20 0 14
t 20 1 21
t 20 2 4
t 21 0 7
t 21 1 7
t 22 0 4
t 22 1 19
t 22 2 4
a 1
r 7
