23 3
0
t 0 0 1
t 0 1 12
t 0 2 18
t 1 0 2
t 1 1 6
t 1 2 10
t 2 0 3
t 2 1 5
t 2 2 3
t 3 0 4
t 3 1 4
t 3 2 4
t 5 2 4
t 6 0 7
t 6 1 9
t 6 2 3
t 7 1 8
t 7 2 8
t 9 0 8
t 9 1 8
t 9 2 8
t 10 0 3
t 10 1 11
t 10 2 3
t 11 0 4
t 11 1 8
t 11 2 4
t 12 0 13
t 12 1 15
t 12 2 17
t 13 0 14
t 13 1 9
t 13 2 3
t 14 0 4
t 14 2 4
t 15 0 7
t 15 1 9
t 15 2 16
t 16 0 8
t 17 0 3
t 17 1 14
t 17 2 3
t 18 0 19
t 18 1 21
t 18 2 17
t 19 0 3
t 19 1 20
t 19 2 3
t 20 0 8
t 20 1 8
t 20 2 4
t 21 0 11
t 21 1 22
t 21 2 3
t 22 0 8
t 22 1 8
a 4
r 8
