33 3
0
t 0 0 1
t 0 1 19
t 0 2 26
t 1 0 2
t 1 1 10
t 1 2 16
t 2 0 3
t 2 1 7
t 2 2 8
t 3 0 4
t 3 1 6
t 3 2 4
t 4 0 5
t 4 1 5
t 4 2 5
t 6 2 5
t 7 2 4
t 8 0 4
t 8 1 9
t 8 2 4
t 9 0 5
t 9 2 5
t 10 0 11
t 10 1 14
t 10 2 8
t 11 1 12
t 12 0 13
t 12 1 13
t 12 2 13
t 14 0 15
t 14 1 12
t 15 1 13
t 15 2 13
t 16 0 3
t 16 1 17
t 16 2 8
t 17 0 9
t 17 1 18
t 17 2 4
t 18 1 13
t 19 0 20
t 19 1 22
t 19 2 25
t 20 0 21
t 20 1 14
t 20 2 8
t 21 0 9
t 21 2 4
t 22 0 11
t 22 1 23
t 23 0 15
t 23 1 12
t 23 2 24
t 24 0 13
t 25 0 3
t 25 1 21
t 25 2 8
t 26 0 27
t 26 1 30
t 26 2 25
t 27 0 3
t 27 1 28
t 27 2 8
t 28 0 18
t 28 1 29
t 28 2 4
t 29 0 13
t 29 1 13
t 30 0 31
t 30 1 32
t 30 2 8
t 31 0 9
t 31 1 29
t 31 2 4
t 32 0 18
t 32 1 29
a 5
r 13
