122 4
0
t 0 0 1
t 0 1 57
t 0 2 82
t 0 3 99
t 1 0 2
t 1 1 23
t 1 2 43
t 1 3 50
t 2 0 3
t 2 1 15
t 2 2 18
t 2 3 21
t 3 0 4
t 3 1 9
t 3 2 11
t 3 3 14
t 4 0 5
t 4 1 7
t 4 2 5
t 4 3 8
t 5 0 6
t 5 1 6
t 5 2 6
t 5 3 6
t 7 2 6
t 7 3 6
t 8 1 6
t 8 2 6
t 9 2 5
t 9 3 10
t 10 2 6
t 11 0 5
t 11 1 12
t 11 2 5
t 11 3 13
t 12 0 6
t 12 2 6
t 12 3 6
t 13 1 6
t 14 1 10
t 14 2 8
t 15 2 16
t 15 3 17
t 16 0 5
t 16 1 12
t 16 2 5
t 17 2 10
t 18 0 19
t 18 1 20
t 18 2 11
t 19 0 5
t 19 1 7
t 19 2 5
t 19 3 13
t 20 0 12
t 20 2 5
t 21 1 22
t 21 2 14
t 22 2 8
t 23 0 24
t 23 1 33
t 23 2 35
t 23 3 37
t 24 1 25
t 24 2 30
t 24 3 31
t 25 0 26
t 25 1 28
t 25 2 29
t 25 3 28
t 26 1 27
t 26 2 27
t 26 3 27
t 28 0 27
t 28 1 27
t 28 2 27
t 28 3 27
t 29 3 27
t 30 3 28
t 31 0 26
t 31 1 28
t 31 2 32
t 31 3 28
t 32 0 27
t 32 1 27
t 32 3 27
t 33 0 34
t 33 1 25
t 33 2 30
t 33 3 31
t 34 1 28
t 34 2 29
t 34 3 28
t 35 0 36
t 35 1 20
t 35 2 16
t 35 3 31
t 36 0 5
t 36 1 7
t 36 2 5
t 37 0 38
t 37 1 40
t 37 2 42
t 37 3 31
t 38 1 28
t 38 2 39
t 38 3 28
t 39 1 27
t 39 3 27
t 40 0 26
t 40 1 28
t 40 2 41
t 40 3 28
t 41 0 27
t 41 3 27
t 42 0 39
t 42 1 32
t 42 2 10
t 42 3 28
t 43 0 44
t 43 1 46
t 43 2 18
t 43 3 48
t 44 0 19
t 44 1 45
t 44 2 11
t 45 2 5
t 46 0 20
t 46 1 47
t 46 2 16
t 46 3 31
t 47 1 39
t 47 3 28
t 48 0 38
t 48 1 40
t 48 2 49
t 48 3 31
t 49 0 39
t 49 1 32
t 49 3 28
t 50 0 51
t 50 1 52
t 50 2 54
t 50 3 48
t 51 1 25
t 51 2 47
t 51 3 31
t 52 0 34
t 52 1 40
t 52 2 53
t 52 3 31
t 53 0 29
t 53 1 10
t 53 2 8
t 53 3 28
t 54 0 55
t 54 1 56
t 54 2 14
t 54 3 31
t 55 1 32
t 55 3 28
t 56 0 39
t 56 1 32
t 56 2 8
t 56 3 28
t 57 0 58
t 57 1 61
t 57 2 65
t 57 3 75
t 58 0 59
t 58 1 33
t 58 2 35
t 58 3 37
t 59 0 60
t 59 2 16
t 59 3 17
t 60 0 12
t 60 2 5
t 60 3 10
t 61 0 24
t 61 1 62
t 61 2 64
t 61 3 48
t 62 0 34
t 62 1 40
t 62 2 63
t 62 3 31
t 63 0 29
t 63 3 28
t 64 0 30
t 64 3 31
t 65 0 66
t 65 1 67
t 65 2 71
t 65 3 73
t 66 0 36
t 66 1 45
t 66 2 16
t 66 3 31
t 67 0 20
t 67 2 68
t 67 3 70
t 68 0 5
t 68 1 12
t 68 2 5
t 68 3 69
t 69 0 6
t 70 0 69
t 71 0 36
t 71 1 72
t 71 2 68
t 71 3 70
t 72 0 12
t 72 2 5
t 72 3 69
t 73 0 74
t 73 1 40
t 73 2 49
t 73 3 31
t 74 0 69
t 74 1 28
t 74 2 39
t 74 3 28
t 75 0 76
t 75 1 62
t 75 2 80
t 75 3 48
t 76 0 77
t 76 1 25
t 76 2 79
t 76 3 31
t 77 0 78
t 77 2 78
t 78 0 6
t 78 2 6
t 79 0 78
t 79 1 39
t 79 2 78
t 79 3 28
t 80 0 81
t 80 1 49
t 80 2 77
t 80 3 31
t 81 0 78
t 81 1 32
t 81 2 78
t 81 3 28
t 82 0 83
t 82 1 85
t 82 2 88
t 82 3 95
t 83 0 44
t 83 1 84
t 83 2 18
t 83 3 48
t 84 0 55
t 84 1 49
t 84 2 16
t 84 3 31
t 85 0 86
t 85 1 87
t 85 2 71
t 85 3 73
t 86 0 20
t 86 1 49
t 86 2 16
t 86 3 31
t 87 0 55
t 87 1 49
t 87 3 31
t 88 0 44
t 88 1 67
t 88 2 89
t 88 3 93
t 89 0 19
t 89 1 72
t 89 2 90
t 89 3 92
t 90 0 5
t 90 1 12
t 90 2 5
t 90 3 91
t 91 0 6
t 91 1 6
t 92 0 91
t 92 1 69
t 93 0 94
t 93 1 70
t 94 0 91
t 95 0 96
t 95 1 97
t 95 2 87
t 95 3 48
t 96 0 94
t 96 1 25
t 96 2 47
t 96 3 31
t 97 0 98
t 97 1 40
t 97 2 63
t 97 3 31
t 98 0 69
t 98 1 28
t 98 2 29
t 98 3 28
t 99 0 100
t 99 1 110
t 99 2 115
t 99 3 121
t 100 0 101
t 100 1 106
t 100 2 108
t 100 3 48
t 101 0 102
t 101 1 104
t 101 2 105
t 102 0 103
t 102 1 10
t 102 2 103
t 103 0 6
t 103 1 6
t 103 2 6
t 104 2 103
t 105 0 103
t 105 1 78
t 105 2 103
t 106 0 34
t 106 1 25
t 106 2 107
t 106 3 31
t 107 0 103
t 107 1 78
t 107 2 103
t 107 3 28
t 108 0 102
t 108 1 109
t 108 2 105
t 108 3 31
t 109 0 78
t 109 1 39
t 109 2 103
t 109 3 28
t 110 0 111
t 110 1 62
t 110 2 113
t 110 3 48
t 111 0 112
t 111 1 25
t 111 2 107
t 111 3 31
t 112 0 78
t 112 2 103
t 113 0 114
t 113 1 112
t 113 2 105
t 113 3 31
t 114 0 103
t 114 1 10
t 114 2 103
t 114 3 28
t 115 0 116
t 115 1 118
t 115 2 120
t 115 3 48
t 116 0 102
t 116 1 117
t 116 2 105
t 116 3 31
t 117 0 39
t 117 1 32
t 117 2 103
t 117 3 28
t 118 0 119
t 118 1 49
t 118 2 105
t 118 3 31
t 119 0 78
t 119 1 32
t 119 2 103
t 119 3 28
t 120 0 102
t 120 1 112
t 120 2 105
t 121 0 51
t 121 1 62
t 121 2 87
t 121 3 48
a 6
r 27
