155 4
0
t 0 0 1
t 0 1 78
t 0 2 108
t 0 3 128
t 1 0 2
t 1 1 34
t 1 2 64
t 1 3 71
t 2 0 3
t 2 1 24
t 2 2 28
t 2 3 32
t 3 0 4
t 3 1 16
t 3 2 19
t 3 3 22
t 4 0 5
t 4 1 10
t 4 2 12
t 4 3 15
t 5 0 6
t 5 1 8
t 5 2 6
t 5 3 9
t 6 0 7
t 6 1 7
t 6 2 7
t 6 3 7
t 8 2 7
t 8 3 7
t 9 1 7
t 9 2 7
t 10 2 6
t 10 3 11
t 11 2 7
t 12 0 6
t 12 1 13
t 12 2 6
t 12 3 14
t 13 0 7
t 13 2 7
t 13 3 7
t 14 1 7
t 15 1 11
t 15 2 9
t 16 2 17
t 16 3 18
t 17 0 6
t 17 1 13
t 17 2 6
t 18 2 11
t 19 0 20
t 19 1 21
t 19 2 12
t 20 0 6
t 20 1 8
t 20 2 6
t 20 3 14
t 21 0 13
t 21 2 6
t 22 1 23
t 22 2 15
t 23 2 9
t 24 2 25
t 24 3 27
t 25 0 26
t 25 1 21
t 25 2 17
t 26 0 6
t 26 1 8
t 26 2 6
t 27 2 18
t 28 0 29
t 28 1 31
t 28 2 19
t 29 0 20
t 29 1 30
t 29 2 12
t 30 2 6
t 31 0 21
t 31 2 17
t 32 1 33
t 32 2 22
t 33 2 15
t 34 0 35
t 34 1 53
t 34 2 55
t 34 3 57
t 35 1 36
t 35 2 46
t 35 3 47
t 36 0 37
t 36 1 41
t 36 2 43
t 36 3 44
t 37 1 38
t 37 2 40
t 37 3 38
t 38 0 39
t 38 1 39
t 38 2 39
t 38 3 39
t 40 3 39
t 41 0 42
t 41 1 38
t 41 2 40
t 41 3 38
t 42 1 39
t 42 2 39
t 42 3 39
t 43 3 38
t 44 0 42
t 44 1 38
t 44 2 45
t 44 3 38
t 45 0 39
t 45 1 39
t 45 3 39
t 46 3 44
t 47 0 48
t 47 1 50
t 47 2 52
t 47 3 44
t 48 1 38
t 48 2 49
t 48 3 38
t 49 1 39
t 49 3 39
t 50 0 42
t 50 1 38
t 50 2 51
t 50 3 38
t 51 0 39
t 51 3 39
t 52 0 49
t 52 1 45
t 52 3 38
t 53 0 54
t 53 1 36
t 53 2 46
t 53 3 47
t 54 1 41
t 54 2 43
t 54 3 44
t 55 0 56
t 55 1 31
t 55 2 25
t 55 3 47
t 56 0 26
t 56 1 30
t 56 2 17
t 57 0 58
t 57 1 60
t 57 2 62
t 57 3 47
t 58 1 41
t 58 2 59
t 58 3 44
t 59 1 49
t 59 3 38
t 60 0 37
t 60 1 50
t 60 2 61
t 60 3 44
t 61 0 40
t 61 3 38
t 62 0 63
t 62 1 52
t 62 2 18
t 62 3 44
t 63 1 45
t 63 3 38
t 64 0 65
t 64 1 67
t 64 2 28
t 64 3 69
t 65 0 29
t 65 1 66
t 65 2 19
t 66 2 17
t 67 0 31
t 67 1 68
t 67 2 25
t 67 3 47
t 68 1 59
t 68 3 44
t 69 0 58
t 69 1 60
t 69 2 70
t 69 3 47
t 70 0 63
t 70 1 52
t 70 3 44
t 71 0 72
t 71 1 73
t 71 2 75
t 71 3 69
t 72 1 36
t 72 2 68
t 72 3 47
t 73 0 54
t 73 1 60
t 73 2 74
t 73 3 47
t 74 0 43
t 74 1 23
t 74 2 15
t 74 3 44
t 75 0 76
t 75 1 77
t 75 2 22
t 75 3 47
t 76 1 52
t 76 3 44
t 77 0 63
t 77 1 52
t 77 2 15
t 77 3 44
t 78 0 79
t 78 1 83
t 78 2 87
t 78 3 100
t 79 0 80
t 79 1 53
t 79 2 55
t 79 3 57
t 80 0 81
t 80 2 25
t 80 3 27
t 81 0 82
t 81 2 17
t 81 3 18
t 82 0 13
t 82 2 6
t 82 3 11
t 83 0 35
t 83 1 84
t 83 2 86
t 83 3 69
t 84 0 54
t 84 1 60
t 84 2 85
t 84 3 47
t 85 0 43
t 85 3 44
t 86 0 46
t 86 3 47
t 87 0 88
t 87 1 89
t 87 2 96
t 87 3 98
t 88 0 56
t 88 1 66
t 88 2 25
t 88 3 47
t 89 0 31
t 89 2 90
t 89 3 95
t 90 0 26
t 90 1 91
t 90 2 93
t 90 3 94
t 91 0 13
t 91 2 6
t 91 3 92
t 92 0 7
t 93 0 6
t 93 1 13
t 93 2 6
t 93 3 92
t 94 0 92
t 95 0 94
t 96 0 56
t 96 1 97
t 96 2 90
t 96 3 95
t 97 0 21
t 97 2 93
t 97 3 94
t 98 0 99
t 98 1 60
t 98 2 70
t 98 3 47
t 99 0 94
t 99 1 41
t 99 2 59
t 99 3 44
t 100 0 101
t 100 1 84
t 100 2 106
t 100 3 69
t 101 0 102
t 101 1 36
t 101 2 105
t 101 3 47
t 102 0 103
t 102 2 103
t 103 0 104
t 103 2 104
t 104 0 7
t 104 2 7
t 105 0 103
t 105 1 59
t 105 2 103
t 105 3 44
t 106 0 107
t 106 1 70
t 106 2 102
t 106 3 47
t 107 0 103
t 107 1 52
t 107 2 103
t 107 3 44
t 108 0 109
t 108 1 111
t 108 2 114
t 108 3 124
t 109 0 65
t 109 1 110
t 109 2 28
t 109 3 69
t 110 0 76
t 110 1 70
t 110 2 25
t 110 3 47
t 111 0 112
t 111 1 113
t 111 2 96
t 111 3 98
t 112 0 31
t 112 1 70
t 112 2 25
t 112 3 47
t 113 0 76
t 113 1 70
t 113 3 47
t 114 0 65
t 114 1 89
t 114 2 115
t 114 3 122
t 115 0 29
t 115 1 97
t 115 2 116
t 115 3 120
t 116 0 20
t 116 1 91
t 116 2 117
t 116 3 119
t 117 0 6
t 117 1 13
t 117 2 6
t 117 3 118
t 118 0 7
t 118 1 7
t 119 0 118
t 119 1 92
t 120 0 121
t 120 1 94
t 121 0 118
t 122 0 123
t 122 1 95
t 123 0 121
t 124 0 125
t 124 1 126
t 124 2 113
t 124 3 69
t 125 0 123
t 125 1 36
t 125 2 68
t 125 3 47
t 126 0 127
t 126 1 60
t 126 2 85
t 126 3 47
t 127 0 94
t 127 1 41
t 127 2 43
t 127 3 44
t 128 0 129
t 128 1 143
t 128 2 148
t 128 3 154
t 129 0 130
t 129 1 139
t 129 2 141
t 129 3 69
t 130 0 131
t 130 1 136
t 130 2 137
t 131 0 132
t 131 1 134
t 131 2 135
t 132 0 133
t 132 1 11
t 132 2 133
t 133 0 7
t 133 1 7
t 133 2 7
t 134 2 133
t 135 0 133
t 135 1 104
t 135 2 133
t 136 2 135
t 137 0 132
t 137 1 138
t 137 2 135
t 138 0 104
t 138 2 133
t 139 0 54
t 139 1 36
t 139 2 140
t 139 3 47
t 140 0 132
t 140 1 138
t 140 2 135
t 140 3 44
t 141 0 131
t 141 1 142
t 141 2 137
t 141 3 47
t 142 0 138
t 142 1 59
t 142 2 135
t 142 3 44
t 143 0 144
t 143 1 84
t 143 2 146
t 143 3 69
t 144 0 145
t 144 1 36
t 144 2 140
t 144 3 47
t 145 0 138
t 145 2 135
t 146 0 147
t 146 1 145
t 146 2 137
t 146 3 47
t 147 0 132
t 147 1 134
t 147 2 135
t 147 3 44
t 148 0 149
t 148 1 151
t 148 2 153
t 148 3 69
t 149 0 131
t 149 1 150
t 149 2 137
t 149 3 47
t 150 0 63
t 150 1 52
t 150 2 135
t 150 3 44
t 151 0 152
t 151 1 70
t 151 2 137
t 151 3 47
t 152 0 138
t 152 1 52
t 152 2 135
t 152 3 44
t 153 0 131
t 153 1 145
t 153 2 137
t 154 0 72
t 154 1 84
t 154 2 113
t 154 3 69
a 7
r 39
