82 4
0
t 0 0 1
t 0 1 35
t 0 2 54
t 0 3 67
t 1 0 2
t 1 1 14
t 1 2 24
t 1 3 30
t 2 0 3
t 2 1 8
t 2 2 10
t 2 3 13
t 3 0 4
t 3 1 6
t 3 2 4
t 3 3 7
t 4 0 5
t 4 1 5
t 4 2 5
t 4 3 5
t 6 2 5
t 6 3 5
t 7 1 5
t 7 2 5
t 8 2 4
t 8 3 9
t 9 2 5
t 10 0 4
t 10 1 11
t 10 2 4
t 10 3 12
t 11 0 5
t 11 2 5
t 11 3 5
t 12 1 5
t 13 1 9
t 13 2 7
t 14 0 15
t 14 1 19
t 14 2 21
t 14 3 22
t 15 1 16
t 15 2 18
t 15 3 16
t 16 0 17
t 16 1 17
t 16 2 17
t 16 3 17
t 18 3 17
t 19 0 20
t 19 1 16
t 19 2 18
t 19 3 16
t 20 1 17
t 20 2 17
t 20 3 17
t 21 0 4
t 21 1 11
t 21 2 4
t 21 3 16
t 22 0 20
t 22 1 16
t 22 2 23
t 22 3 16
t 23 0 17
t 23 1 17
t 23 2 5
t 23 3 17
t 24 0 25
t 24 1 26
t 24 2 10
t 24 3 28
t 25 0 4
t 25 1 6
t 25 2 4
t 25 3 12
t 26 0 11
t 26 1 27
t 26 2 4
t 26 3 16
t 27 1 17
t 27 3 17
t 28 0 20
t 28 1 16
t 28 2 29
t 28 3 16
t 29 0 17
t 29 1 17
t 29 3 17
t 30 0 31
t 30 1 32
t 30 2 34
t 30 3 28
t 31 1 16
t 31 2 27
t 31 3 16
t 32 0 20
t 32 1 16
t 32 2 33
t 32 3 16
t 33 0 17
t 33 1 5
t 33 2 5
t 33 3 17
t 34 0 27
t 34 1 23
t 34 2 7
t 34 3 16
t 35 0 36
t 35 1 38
t 35 2 42
t 35 3 49
t 36 0 37
t 36 1 19
t 36 2 21
t 36 3 22
t 37 0 11
t 37 2 4
t 37 3 9
t 38 0 15
t 38 1 39
t 38 2 41
t 38 3 28
t 39 0 20
t 39 1 16
t 39 2 40
t 39 3 16
t 40 0 17
t 40 3 17
t 41 0 18
t 41 3 16
t 42 0 43
t 42 1 44
t 42 2 46
t 42 3 47
t 43 0 4
t 43 1 6
t 43 2 4
t 43 3 16
t 44 0 11
t 44 2 4
t 44 3 45
t 45 0 5
t 46 0 4
t 46 1 11
t 46 2 4
t 46 3 45
t 47 0 48
t 47 1 16
t 47 2 29
t 47 3 16
t 48 0 5
t 48 1 17
t 48 2 17
t 48 3 17
t 49 0 50
t 49 1 39
t 49 2 53
t 49 3 28
t 50 0 51
t 50 1 16
t 50 2 52
t 50 3 16
t 51 0 5
t 51 2 5
t 52 0 5
t 52 1 17
t 52 2 5
t 52 3 17
t 53 0 52
t 53 1 29
t 53 2 51
t 53 3 16
t 54 0 55
t 54 1 57
t 54 2 60
t 54 3 64
t 55 0 25
t 55 1 56
t 55 2 10
t 55 3 28
t 56 0 27
t 56 1 29
t 56 2 4
t 56 3 16
t 57 0 58
t 57 1 59
t 57 2 46
t 57 3 47
t 58 0 11
t 58 1 29
t 58 2 4
t 58 3 16
t 59 0 27
t 59 1 29
t 59 3 16
t 60 0 25
t 60 1 44
t 60 2 61
t 60 3 63
t 61 0 4
t 61 1 11
t 61 2 4
t 61 3 62
t 62 0 5
t 62 1 5
t 63 0 62
t 63 1 45
t 64 0 65
t 64 1 66
t 64 2 59
t 64 3 28
t 65 0 62
t 65 1 16
t 65 2 27
t 65 3 16
t 66 0 48
t 66 1 16
t 66 2 40
t 66 3 16
t 67 0 68
t 67 1 74
t 67 2 77
t 67 3 81
t 68 0 69
t 68 1 71
t 68 2 73
t 68 3 28
t 69 0 70
t 69 1 9
t 69 2 70
t 70 0 5
t 70 1 5
t 70 2 5
t 71 0 20
t 71 1 16
t 71 2 72
t 71 3 16
t 72 0 5
t 72 1 5
t 72 2 5
t 72 3 17
t 73 0 70
t 73 1 52
t 73 2 70
t 73 3 16
t 74 0 75
t 74 1 39
t 74 2 76
t 74 3 28
t 75 0 51
t 75 1 16
t 75 2 72
t 75 3 16
t 76 0 72
t 76 1 51
t 76 2 70
t 76 3 16
t 77 0 78
t 77 1 79
t 77 2 80
t 77 3 28
t 78 0 70
t 78 1 23
t 78 2 70
t 78 3 16
t 79 0 52
t 79 1 29
t 79 2 70
t 79 3 16
t 80 0 70
t 80 1 51
t 80 2 70
t 81 0 31
t 81 1 39
t 81 2 59
t 81 3 28
a 5
r 17
