438 5
0
t 0 0 1
t 0 1 187
t 0 2 265
t 0 3 321
t 0 4 365
t 1 0 2
t 1 1 58
t 1 2 108
t 1 3 137
t 1 4 161
t 2 0 3
t 2 1 34
t 2 2 39
t 2 3 44
t 2 4 46
t 3 0 4
t 3 1 18
t 3 2 22
t 3 3 26
t 3 4 28
t 4 0 5
t 4 1 10
t 4 2 12
t 4 3 15
t 4 4 16
t 5 0 6
t 5 1 8
t 5 2 6
t 5 3 9
t 5 4 6
t 6 0 7
t 6 1 7
t 6 2 7
t 6 3 7
t 6 4 7
t 8 2 7
t 8 3 7
t 8 4 7
t 9 1 7
t 9 2 7
t 9 4 7
t 10 2 6
t 10 3 11
t 10 4 6
t 11 2 7
t 11 4 7
t 12 0 6
t 12 1 13
t 12 2 6
t 12 3 14
t 12 4 6
t 13 0 7
t 13 2 7
t 13 3 7
t 13 4 7
t 14 1 7
t 14 4 7
t 15 1 11
t 15 2 9
t 15 4 6
t 16 0 6
t 16 1 13
t 16 2 6
t 16 3 17
t 16 4 6
t 17 0 7
t 17 1 7
t 17 2 7
t 17 4 7
t 18 2 19
t 18 3 21
t 18 4 16
t 19 0 6
t 19 1 13
t 19 2 6
t 19 3 20
t 19 4 6
t 20 4 7
t 21 2 11
t 21 4 6
t 22 0 23
t 22 1 24
t 22 2 12
t 22 3 25
t 22 4 16
t 23 0 6
t 23 1 8
t 23 2 6
t 23 3 14
t 23 4 6
t 24 0 13
t 24 2 6
t 24 3 20
t 24 4 6
t 25 1 20
t 25 4 6
t 26 1 27
t 26 2 15
t 26 4 16
t 27 2 9
t 27 4 6
t 28 0 5
t 28 1 29
t 28 2 31
t 28 3 33
t 28 4 16
t 29 0 13
t 29 2 6
t 29 3 30
t 29 4 6
t 30 0 7
t 30 2 7
t 30 4 7
t 31 0 6
t 31 1 13
t 31 2 6
t 31 3 32
t 31 4 6
t 32 0 7
t 32 1 7
t 32 4 7
t 33 0 17
t 33 1 30
t 33 2 17
t 33 4 6
t 34 2 35
t 34 3 38
t 34 4 28
t 35 0 36
t 35 1 24
t 35 2 19
t 35 3 37
t 35 4 16
t 36 0 6
t 36 1 8
t 36 2 6
t 36 3 20
t 36 4 6
t 37 4 6
t 38 2 21
t 38 4 16
t 39 0 40
t 39 1 42
t 39 2 22
t 39 3 43
t 39 4 28
t 40 0 23
t 40 1 41
t 40 2 12
t 40 3 25
t 40 4 16
t 41 2 6
t 41 3 20
t 41 4 6
t 42 0 24
t 42 2 19
t 42 3 37
t 42 4 16
t 43 1 37
t 43 4 16
t 44 1 45
t 44 2 26
t 44 4 28
t 45 2 15
t 45 4 16
t 46 0 4
t 46 1 47
t 46 2 52
t 46 3 55
t 46 4 28
t 47 0 48
t 47 2 49
t 47 3 51
t 47 4 16
t 48 0 13
t 48 2 6
t 48 3 11
t 48 4 6
t 49 0 6
t 49 1 13
t 49 2 6
t 49 3 50
t 49 4 6
t 50 0 7
t 50 4 7
t 51 0 30
t 51 2 30
t 51 4 6
t 52 0 23
t 52 1 53
t 52 2 31
t 52 3 54
t 52 4 16
t 53 0 13
t 53 2 6
t 53 3 50
t 53 4 6
t 54 0 32
t 54 1 50
t 54 4 6
t 55 0 56
t 55 1 57
t 55 2 33
t 55 4 16
t 56 0 17
t 56 1 11
t 56 2 17
t 56 4 6
t 57 0 30
t 57 2 17
t 57 4 6
t 58 0 59
t 58 1 85
t 58 2 87
t 58 3 94
t 58 4 103
t 59 1 60
t 59 2 74
t 59 3 77
t 59 4 83
t 60 0 61
t 60 1 66
t 60 2 68
t 60 3 70
t 60 4 73
t 61 1 62
t 61 2 64
t 61 3 62
t 61 4 65
t 62 0 63
t 62 1 63
t 62 2 63
t 62 3 63
t 62 4 63
t 64 3 63
t 64 4 63
t 65 2 63
t 65 3 63
t 66 0 67
t 66 1 62
t 66 2 64
t 66 3 62
t 66 4 65
t 67 1 63
t 67 2 63
t 67 3 63
t 67 4 63
t 68 3 62
t 68 4 69
t 69 3 63
t 70 0 67
t 70 1 62
t 70 2 71
t 70 3 62
t 70 4 72
t 71 0 63
t 71 1 63
t 71 3 63
t 71 4 63
t 72 2 63
t 73 2 69
t 73 3 65
t 74 3 75
t 74 4 76
t 75 0 67
t 75 1 62
t 75 2 71
t 75 3 62
t 76 3 69
t 77 0 78
t 77 1 80
t 77 2 82
t 77 3 70
t 78 1 62
t 78 2 79
t 78 3 62
t 78 4 72
t 79 1 63
t 79 3 63
t 79 4 63
t 80 0 67
t 80 1 62
t 80 2 81
t 80 3 62
t 80 4 72
t 81 0 63
t 81 3 63
t 81 4 63
t 82 0 79
t 82 1 71
t 82 3 62
t 83 2 84
t 83 3 73
t 84 3 65
t 85 0 86
t 85 1 60
t 85 2 74
t 85 3 77
t 85 4 83
t 86 1 66
t 86 2 68
t 86 3 70
t 86 4 73
t 87 0 88
t 87 1 42
t 87 2 35
t 87 3 89
t 87 4 92
t 88 0 36
t 88 1 41
t 88 2 19
t 88 3 37
t 88 4 16
t 89 0 90
t 89 1 91
t 89 2 82
t 89 3 75
t 89 4 16
t 90 1 62
t 90 2 79
t 90 3 62
t 91 0 67
t 91 1 62
t 91 2 81
t 91 3 62
t 92 0 5
t 92 1 29
t 92 2 31
t 92 3 93
t 92 4 16
t 93 0 17
t 93 1 30
t 93 2 17
t 93 3 69
t 93 4 6
t 94 0 95
t 94 1 98
t 94 2 101
t 94 3 77
t 94 4 28
t 95 1 96
t 95 2 97
t 95 3 70
t 96 0 67
t 96 1 62
t 96 2 64
t 96 3 62
t 96 4 72
t 97 1 79
t 97 3 62
t 98 0 99
t 98 1 80
t 98 2 100
t 98 3 70
t 99 1 62
t 99 2 64
t 99 3 62
t 99 4 72
t 100 0 64
t 100 3 62
t 101 0 102
t 101 1 82
t 101 2 21
t 101 3 75
t 101 4 16
t 102 1 71
t 102 3 62
t 103 0 4
t 103 1 47
t 103 2 104
t 103 3 106
t 103 4 28
t 104 0 23
t 104 1 53
t 104 2 31
t 104 3 105
t 104 4 16
t 105 0 32
t 105 1 50
t 105 2 69
t 105 3 65
t 105 4 6
t 106 0 56
t 106 1 57
t 106 2 107
t 106 3 73
t 106 4 16
t 107 0 17
t 107 1 30
t 107 2 17
t 107 3 65
t 107 4 6
t 108 0 109
t 108 1 111
t 108 2 39
t 108 3 114
t 108 4 130
t 109 0 40
t 109 1 110
t 109 2 22
t 109 3 43
t 109 4 28
t 110 2 19
t 110 3 37
t 110 4 16
t 111 0 42
t 111 1 112
t 111 2 35
t 111 3 89
t 111 4 92
t 112 1 113
t 112 3 75
t 112 4 76
t 113 1 79
t 113 3 62
t 113 4 69
t 114 0 115
t 114 1 121
t 114 2 123
t 114 3 125
t 114 4 128
t 115 1 116
t 115 2 117
t 115 3 119
t 115 4 120
t 116 0 67
t 116 1 62
t 116 2 64
t 116 3 62
t 117 1 79
t 117 3 62
t 117 4 118
t 118 1 63
t 119 0 67
t 119 1 62
t 119 2 71
t 119 3 62
t 119 4 118
t 120 1 118
t 121 0 122
t 121 1 91
t 121 2 100
t 121 3 75
t 121 4 16
t 122 1 62
t 122 2 64
t 122 3 62
t 123 0 124
t 123 1 82
t 123 3 119
t 123 4 120
t 124 1 71
t 124 3 62
t 124 4 118
t 125 0 126
t 125 1 91
t 125 2 127
t 125 3 119
t 125 4 120
t 126 1 62
t 126 2 79
t 126 3 62
t 126 4 118
t 127 0 79
t 127 1 71
t 127 3 62
t 127 4 118
t 128 0 5
t 128 1 129
t 128 2 31
t 128 3 33
t 128 4 16
t 129 0 13
t 129 1 118
t 129 2 6
t 129 3 30
t 129 4 6
t 130 0 4
t 130 1 131
t 130 2 52
t 130 3 135
t 130 4 28
t 131 0 48
t 131 1 132
t 131 2 49
t 131 3 134
t 131 4 16
t 132 1 133
t 132 3 133
t 133 1 63
t 133 3 63
t 134 0 30
t 134 1 133
t 134 2 30
t 134 3 133
t 134 4 6
t 135 0 56
t 135 1 136
t 135 2 33
t 135 3 132
t 135 4 16
t 136 0 30
t 136 1 133
t 136 2 17
t 136 3 133
t 136 4 6
t 137 0 138
t 137 1 149
t 137 2 152
t 137 3 155
t 137 4 157
t 138 1 139
t 138 2 141
t 138 3 142
t 138 4 147
t 139 0 99
t 139 1 96
t 139 2 140
t 139 3 70
t 140 3 62
t 141 1 97
t 141 3 119
t 141 4 120
t 142 0 143
t 142 1 80
t 142 2 127
t 142 3 145
t 142 4 146
t 143 1 62
t 143 2 79
t 143 3 62
t 143 4 144
t 144 1 63
t 144 2 63
t 145 0 67
t 145 1 62
t 145 2 71
t 145 3 62
t 145 4 144
t 146 1 144
t 146 2 118
t 147 1 148
t 147 2 120
t 148 1 144
t 149 0 150
t 149 1 98
t 149 2 151
t 149 3 77
t 149 4 28
t 150 1 96
t 150 2 140
t 150 3 70
t 151 0 140
t 151 1 27
t 151 2 15
t 151 3 75
t 151 4 16
t 152 0 153
t 152 1 154
t 152 2 26
t 152 3 125
t 152 4 128
t 153 1 82
t 153 3 119
t 153 4 120
t 154 0 102
t 154 1 82
t 154 2 15
t 154 3 75
t 154 4 16
t 155 0 156
t 155 1 98
t 155 2 123
t 155 3 142
t 155 4 147
t 156 1 96
t 156 2 117
t 156 3 145
t 156 4 146
t 157 0 4
t 157 1 158
t 157 2 159
t 157 3 55
t 157 4 28
t 158 0 48
t 158 1 148
t 158 2 49
t 158 3 51
t 158 4 16
t 159 0 23
t 159 1 160
t 159 2 31
t 159 3 54
t 159 4 16
t 160 0 13
t 160 1 118
t 160 2 6
t 160 3 50
t 160 4 6
t 161 0 3
t 161 1 162
t 161 2 173
t 161 3 179
t 161 4 46
t 162 0 163
t 162 1 164
t 162 2 169
t 162 3 171
t 162 4 28
t 163 0 48
t 163 2 19
t 163 3 21
t 163 4 16
t 164 1 165
t 164 2 167
t 164 3 168
t 165 1 166
t 165 2 69
t 165 3 166
t 166 1 63
t 166 2 63
t 166 3 63
t 167 3 166
t 168 1 166
t 168 2 133
t 168 3 166
t 169 0 36
t 169 1 53
t 169 2 49
t 169 3 170
t 169 4 16
t 170 0 50
t 170 1 166
t 170 2 133
t 170 3 166
t 170 4 6
t 171 0 51
t 171 1 165
t 171 2 172
t 171 3 168
t 171 4 16
t 172 0 30
t 172 1 133
t 172 2 30
t 172 3 166
t 172 4 6
t 173 0 40
t 173 1 174
t 173 2 52
t 173 3 176
t 173 4 28
t 174 0 24
t 174 1 175
t 174 2 49
t 174 3 170
t 174 4 16
t 175 1 133
t 175 3 166
t 176 0 177
t 176 1 178
t 176 2 175
t 176 3 168
t 176 4 16
t 177 0 32
t 177 1 20
t 177 4 6
t 178 0 50
t 178 1 166
t 178 2 69
t 178 3 166
t 178 4 6
t 179 0 180
t 179 1 182
t 179 2 184
t 179 3 186
t 179 4 28
t 180 0 56
t 180 1 181
t 180 2 33
t 180 4 16
t 181 2 17
t 181 4 6
t 182 0 57
t 182 1 165
t 182 2 183
t 182 3 168
t 182 4 16
t 183 0 17
t 183 1 30
t 183 2 17
t 183 3 166
t 183 4 6
t 184 0 56
t 184 1 185
t 184 2 33
t 184 3 168
t 184 4 16
t 185 0 30
t 185 1 133
t 185 2 17
t 185 3 166
t 185 4 6
t 186 1 165
t 186 2 175
t 186 3 168
t 187 0 188
t 187 1 190
t 187 2 224
t 187 3 240
t 187 4 248
t 188 0 189
t 188 1 85
t 188 2 87
t 188 3 94
t 188 4 103
t 189 0 163
t 189 2 35
t 189 3 38
t 189 4 28
t 190 0 59
t 190 1 191
t 190 2 211
t 190 3 216
t 190 4 220
t 191 0 86
t 191 1 192
t 191 2 200
t 191 3 204
t 191 4 208
t 192 0 61
t 192 1 193
t 192 2 195
t 192 3 197
t 192 4 199
t 193 0 67
t 193 1 62
t 193 2 81
t 193 3 62
t 193 4 194
t 194 0 63
t 194 2 63
t 194 3 63
t 195 0 64
t 195 3 62
t 195 4 196
t 196 0 63
t 196 3 63
t 197 0 67
t 197 1 62
t 197 2 71
t 197 3 62
t 197 4 198
t 198 0 63
t 198 2 63
t 199 0 65
t 199 2 196
t 199 3 194
t 200 0 68
t 200 3 201
t 200 4 203
t 201 0 67
t 201 1 62
t 201 2 71
t 201 3 62
t 201 4 202
t 202 0 63
t 203 0 69
t 203 3 196
t 204 0 78
t 204 1 205
t 204 2 206
t 204 3 197
t 204 4 207
t 205 0 67
t 205 1 62
t 205 2 81
t 205 3 62
t 205 4 198
t 206 0 79
t 206 1 71
t 206 3 62
t 206 4 202
t 207 0 72
t 207 2 202
t 208 0 209
t 208 2 210
t 208 3 199
t 209 2 69
t 209 3 194
t 210 0 69
t 210 3 194
t 211 0 74
t 211 3 212
t 211 4 214
t 212 0 90
t 212 1 213
t 212 2 206
t 212 3 201
t 213 0 67
t 213 1 62
t 213 2 81
t 213 3 62
t 213 4 202
t 214 0 215
t 214 3 203
t 215 3 196
t 216 0 95
t 216 1 217
t 216 2 219
t 216 3 204
t 217 0 99
t 217 1 205
t 217 2 218
t 217 3 197
t 217 4 207
t 218 0 64
t 218 3 62
t 218 4 202
t 219 0 102
t 219 1 206
t 219 3 201
t 220 0 221
t 220 2 223
t 220 3 208
t 221 2 222
t 221 3 199
t 222 3 194
t 223 0 222
t 223 3 199
t 224 0 225
t 224 1 226
t 224 2 230
t 224 3 232
t 224 4 235
t 225 0 88
t 225 1 110
t 225 2 35
t 225 3 89
t 225 4 92
t 226 0 42
t 226 2 227
t 226 3 229
t 226 4 28
t 227 0 36
t 227 1 53
t 227 2 49
t 227 3 228
t 227 4 16
t 228 0 50
t 228 4 6
t 229 0 228
t 229 4 16
t 230 0 88
t 230 1 231
t 230 2 227
t 230 3 229
t 230 4 28
t 231 0 24
t 231 2 49
t 231 3 228
t 231 4 16
t 232 0 233
t 232 1 234
t 232 2 219
t 232 3 212
t 232 4 28
t 233 0 228
t 233 1 116
t 233 2 97
t 233 3 75
t 233 4 16
t 234 0 122
t 234 1 213
t 234 2 218
t 234 3 201
t 235 0 236
t 235 1 47
t 235 2 52
t 235 3 238
t 235 4 28
t 236 0 5
t 236 1 10
t 236 2 12
t 236 3 237
t 236 4 16
t 237 0 69
t 237 1 11
t 237 2 9
t 237 3 196
t 237 4 6
t 238 0 239
t 238 1 57
t 238 2 33
t 238 3 203
t 238 4 16
t 239 0 17
t 239 1 11
t 239 2 17
t 239 3 196
t 239 4 6
t 240 0 241
t 240 1 244
t 240 2 246
t 240 3 216
t 240 4 46
t 241 0 242
t 241 1 139
t 241 2 243
t 241 3 77
t 241 4 28
t 242 0 51
t 242 2 51
t 242 4 16
t 243 0 51
t 243 1 97
t 243 2 51
t 243 3 75
t 243 4 16
t 244 0 150
t 244 1 217
t 244 2 245
t 244 3 204
t 245 0 140
t 245 3 201
t 246 0 247
t 246 1 219
t 246 2 242
t 246 3 212
t 246 4 28
t 247 0 51
t 247 1 82
t 247 2 51
t 247 3 75
t 247 4 16
t 248 0 249
t 248 1 254
t 248 2 255
t 248 3 259
t 248 4 46
t 249 0 4
t 249 1 18
t 249 2 250
t 249 3 252
t 249 4 28
t 250 0 23
t 250 1 24
t 250 2 12
t 250 3 251
t 250 4 16
t 251 0 65
t 251 1 20
t 251 2 196
t 251 3 194
t 251 4 6
t 252 0 209
t 252 1 27
t 252 2 253
t 252 3 199
t 252 4 16
t 253 0 69
t 253 1 11
t 253 2 9
t 253 3 194
t 253 4 6
t 254 0 163
t 254 2 227
t 254 3 242
t 254 4 28
t 255 0 256
t 255 1 231
t 255 2 52
t 255 3 257
t 255 4 28
t 256 0 23
t 256 1 41
t 256 2 12
t 256 3 251
t 256 4 16
t 257 0 258
t 257 1 228
t 257 2 210
t 257 3 199
t 257 4 16
t 258 0 32
t 258 1 20
t 258 2 69
t 258 3 194
t 258 4 6
t 259 0 260
t 259 1 262
t 259 2 263
t 259 3 208
t 259 4 28
t 260 0 56
t 260 1 181
t 260 2 261
t 260 3 199
t 260 4 16
t 261 0 17
t 261 1 30
t 261 2 17
t 261 3 194
t 261 4 6
t 262 0 57
t 262 2 33
t 262 4 16
t 263 0 264
t 263 1 57
t 263 2 33
t 263 3 199
t 263 4 16
t 264 0 17
t 264 1 11
t 264 2 17
t 264 3 194
t 264 4 6
t 265 0 266
t 265 1 272
t 265 2 277
t 265 3 282
t 265 4 302
t 266 0 109
t 266 1 267
t 266 2 39
t 266 3 114
t 266 4 130
t 267 0 268
t 267 1 270
t 267 2 35
t 267 3 89
t 267 4 92
t 268 1 269
t 268 3 75
t 268 4 76
t 269 0 79
t 269 1 71
t 269 3 62
t 269 4 69
t 270 0 271
t 270 1 269
t 270 3 75
t 270 4 76
t 271 1 71
t 271 3 62
t 271 4 69
t 272 0 273
t 272 1 274
t 272 2 230
t 272 3 232
t 272 4 235
t 273 0 42
t 273 1 270
t 273 2 35
t 273 3 89
t 273 4 92
t 274 0 268
t 274 1 275
t 274 3 212
t 274 4 214
t 275 0 271
t 275 1 276
t 275 3 201
t 275 4 203
t 276 0 79
t 276 1 71
t 276 3 62
t 276 4 196
t 277 0 109
t 277 1 226
t 277 2 278
t 277 3 280
t 277 4 46
t 278 0 40
t 278 1 231
t 278 2 52
t 278 3 279
t 278 4 28
t 279 0 177
t 279 1 228
t 279 4 16
t 280 0 281
t 280 1 229
t 280 4 28
t 281 0 177
t 281 1 37
t 281 4 16
t 282 0 283
t 282 1 285
t 282 2 287
t 282 3 295
t 282 4 297
t 283 0 281
t 283 1 284
t 283 2 141
t 283 3 125
t 283 4 128
t 284 0 122
t 284 1 116
t 284 2 140
t 284 3 75
t 284 4 16
t 285 0 286
t 285 1 234
t 285 2 245
t 285 3 212
t 285 4 28
t 286 0 228
t 286 1 116
t 286 2 140
t 286 3 75
t 286 4 16
t 287 0 153
t 287 1 219
t 287 3 288
t 287 4 293
t 288 0 126
t 288 1 213
t 288 2 289
t 288 3 291
t 288 4 292
t 289 0 79
t 289 1 71
t 289 3 62
t 289 4 290
t 290 0 63
t 290 1 63
t 291 0 67
t 291 1 62
t 291 2 71
t 291 3 62
t 291 4 290
t 292 0 118
t 292 1 290
t 293 0 294
t 293 1 292
t 294 1 290
t 295 0 115
t 295 1 234
t 295 2 296
t 295 3 288
t 295 4 293
t 296 0 124
t 296 1 206
t 296 3 291
t 296 4 292
t 297 0 298
t 297 1 300
t 297 2 52
t 297 3 55
t 297 4 28
t 298 0 5
t 298 1 299
t 298 2 12
t 298 3 15
t 298 4 16
t 299 0 118
t 299 1 290
t 299 2 6
t 299 3 11
t 299 4 6
t 300 0 301
t 300 1 292
t 300 2 49
t 300 3 51
t 300 4 16
t 301 0 13
t 301 1 290
t 301 2 6
t 301 3 11
t 301 4 6
t 302 0 303
t 302 1 311
t 302 2 278
t 302 3 316
t 302 4 46
t 303 0 4
t 303 1 304
t 303 2 22
t 303 3 309
t 303 4 28
t 304 0 305
t 304 1 307
t 304 2 19
t 304 3 308
t 304 4 16
t 305 1 306
t 305 3 306
t 306 0 63
t 306 1 63
t 306 3 63
t 307 0 133
t 307 1 306
t 307 3 306
t 308 0 133
t 308 1 306
t 308 2 11
t 308 3 306
t 308 4 6
t 309 0 305
t 309 1 310
t 309 2 15
t 309 3 307
t 309 4 16
t 310 0 133
t 310 1 306
t 310 2 9
t 310 3 306
t 310 4 6
t 311 0 312
t 311 1 313
t 311 2 227
t 311 3 314
t 311 4 28
t 312 0 48
t 312 1 307
t 312 2 19
t 312 3 308
t 312 4 16
t 313 0 305
t 313 1 307
t 313 3 307
t 314 0 315
t 314 1 307
t 314 2 51
t 314 3 307
t 314 4 16
t 315 0 30
t 315 1 306
t 315 2 30
t 315 3 306
t 315 4 6
t 316 0 317
t 316 1 319
t 316 2 55
t 316 3 313
t 316 4 28
t 317 0 56
t 317 1 318
t 317 2 33
t 317 3 307
t 317 4 16
t 318 0 133
t 318 1 306
t 318 2 17
t 318 3 306
t 318 4 6
t 319 0 320
t 319 1 307
t 319 2 33
t 319 3 307
t 319 4 16
t 320 0 30
t 320 1 306
t 320 2 17
t 320 3 306
t 320 4 6
t 321 0 322
t 321 1 329
t 321 2 333
t 321 3 339
t 321 4 353
t 322 0 323
t 322 1 325
t 322 2 327
t 322 3 155
t 322 4 157
t 323 0 180
t 323 1 324
t 323 2 55
t 323 4 28
t 324 2 33
t 324 4 16
t 325 0 150
t 325 1 139
t 325 2 326
t 325 3 77
t 325 4 28
t 326 0 56
t 326 1 57
t 326 2 33
t 326 3 75
t 326 4 16
t 327 0 180
t 327 1 328
t 327 2 55
t 327 3 125
t 327 4 128
t 328 0 57
t 328 1 97
t 328 2 33
t 328 3 75
t 328 4 16
t 329 0 330
t 329 1 244
t 329 2 331
t 329 3 216
t 329 4 46
t 330 0 262
t 330 1 139
t 330 2 326
t 330 3 77
t 330 4 28
t 331 0 332
t 331 1 262
t 331 2 55
t 331 3 212
t 331 4 28
t 332 0 56
t 332 1 181
t 332 2 33
t 332 3 75
t 332 4 16
t 333 0 334
t 333 1 336
t 333 2 338
t 333 3 295
t 333 4 297
t 334 0 180
t 334 1 335
t 334 2 55
t 334 3 125
t 334 4 128
t 335 0 102
t 335 1 82
t 335 2 33
t 335 3 75
t 335 4 16
t 336 0 337
t 336 1 219
t 336 2 55
t 336 3 212
t 336 4 28
t 337 0 57
t 337 1 82
t 337 2 33
t 337 3 75
t 337 4 16
t 338 0 180
t 338 1 262
t 338 2 55
t 338 4 28
t 339 0 138
t 339 1 244
t 339 2 287
t 339 3 340
t 339 4 348
t 340 0 156
t 340 1 217
t 340 2 296
t 340 3 341
t 340 4 345
t 341 0 143
t 341 1 205
t 341 2 289
t 341 3 342
t 341 4 344
t 342 0 67
t 342 1 62
t 342 2 71
t 342 3 62
t 342 4 343
t 343 0 63
t 343 1 63
t 343 2 63
t 344 0 144
t 344 1 343
t 344 2 290
t 345 0 346
t 345 1 347
t 345 2 292
t 346 1 343
t 346 2 118
t 347 0 144
t 347 1 343
t 347 2 202
t 348 0 349
t 348 1 351
t 348 2 293
t 349 1 350
t 349 2 120
t 350 0 144
t 350 1 343
t 351 0 352
t 351 1 347
t 352 1 343
t 353 0 354
t 353 1 358
t 353 2 360
t 353 3 338
t 353 4 46
t 354 0 4
t 354 1 355
t 354 2 356
t 354 3 26
t 354 4 28
t 355 0 352
t 355 1 350
t 355 2 19
t 355 3 21
t 355 4 16
t 356 0 23
t 356 1 357
t 356 2 12
t 356 3 25
t 356 4 16
t 357 0 13
t 357 1 118
t 357 2 6
t 357 3 20
t 357 4 6
t 358 0 359
t 358 1 351
t 358 2 227
t 358 3 242
t 358 4 28
t 359 0 48
t 359 1 350
t 359 2 19
t 359 3 21
t 359 4 16
t 360 0 361
t 360 1 363
t 360 2 52
t 360 3 279
t 360 4 28
t 361 0 23
t 361 1 362
t 361 2 12
t 361 3 25
t 361 4 16
t 362 0 118
t 362 1 290
t 362 2 6
t 362 3 20
t 362 4 6
t 363 0 364
t 363 1 292
t 363 2 49
t 363 3 228
t 363 4 16
t 364 0 13
t 364 1 290
t 364 2 6
t 364 3 20
t 364 4 6
t 365 0 366
t 365 1 395
t 365 2 410
t 365 3 421
t 365 4 437
t 366 0 3
t 366 1 367
t 366 2 381
t 366 3 387
t 366 4 46
t 367 0 368
t 367 1 373
t 367 2 375
t 367 3 377
t 367 4 28
t 368 1 369
t 368 2 371
t 368 3 372
t 369 0 166
t 369 1 370
t 369 2 69
t 369 3 370
t 370 0 63
t 370 1 63
t 370 2 63
t 370 3 63
t 371 3 370
t 372 0 166
t 372 1 370
t 372 2 306
t 372 3 370
t 373 0 374
t 373 1 369
t 373 2 371
t 373 3 372
t 374 1 370
t 374 2 69
t 374 3 370
t 375 0 36
t 375 1 24
t 375 2 19
t 375 3 376
t 375 4 16
t 376 0 166
t 376 1 370
t 376 2 306
t 376 3 370
t 376 4 6
t 377 0 378
t 377 1 379
t 377 2 380
t 377 3 372
t 377 4 16
t 378 1 370
t 378 2 133
t 378 3 370
t 379 0 166
t 379 1 370
t 379 2 196
t 379 3 370
t 380 0 133
t 380 1 306
t 380 2 11
t 380 3 370
t 380 4 6
t 381 0 40
t 381 1 382
t 381 2 22
t 381 3 384
t 381 4 28
t 382 0 24
t 382 1 383
t 382 2 19
t 382 3 376
t 382 4 16
t 383 1 133
t 383 3 370
t 384 0 378
t 384 1 385
t 384 2 386
t 384 3 372
t 384 4 16
t 385 0 166
t 385 1 370
t 385 2 196
t 385 3 370
t 385 4 6
t 386 0 133
t 386 1 306
t 386 3 370
t 387 0 388
t 387 1 389
t 387 2 391
t 387 3 394
t 387 4 28
t 388 1 369
t 388 2 383
t 388 3 372
t 389 0 374
t 389 1 379
t 389 2 390
t 389 3 372
t 389 4 16
t 390 0 69
t 390 1 11
t 390 2 9
t 390 3 370
t 390 4 6
t 391 0 392
t 391 1 393
t 391 2 15
t 391 3 372
t 391 4 16
t 392 1 306
t 392 3 370
t 393 0 133
t 393 1 306
t 393 2 9
t 393 3 370
t 393 4 6
t 394 0 378
t 394 1 379
t 394 2 386
t 394 3 372
t 395 0 396
t 395 1 397
t 395 2 401
t 395 3 405
t 395 4 46
t 396 0 163
t 396 1 373
t 396 2 375
t 396 3 377
t 396 4 28
t 397 0 368
t 397 1 398
t 397 2 400
t 397 3 394
t 398 0 374
t 398 1 379
t 398 2 399
t 398 3 372
t 399 0 69
t 399 3 370
t 400 0 371
t 400 3 372
t 401 0 402
t 401 1 231
t 401 2 227
t 401 3 403
t 401 4 28
t 402 0 36
t 402 1 41
t 402 2 19
t 402 3 376
t 402 4 16
t 403 0 404
t 403 1 379
t 403 2 386
t 403 3 372
t 403 4 16
t 404 0 50
t 404 1 370
t 404 2 133
t 404 3 370
t 404 4 6
t 405 0 406
t 405 1 398
t 405 2 408
t 405 3 394
t 405 4 28
t 406 0 51
t 406 1 369
t 406 2 407
t 406 3 372
t 406 4 16
t 407 0 30
t 407 1 133
t 407 2 30
t 407 3 370
t 407 4 6
t 408 0 409
t 408 1 386
t 408 2 51
t 408 3 372
t 408 4 16
t 409 0 30
t 409 1 306
t 409 2 30
t 409 3 370
t 409 4 6
t 410 0 411
t 410 1 413
t 410 2 278
t 410 3 416
t 410 4 46
t 411 0 40
t 411 1 412
t 411 2 22
t 411 3 384
t 411 4 28
t 412 0 392
t 412 1 386
t 412 2 19
t 412 3 376
t 412 4 16
t 413 0 414
t 413 1 415
t 413 2 227
t 413 3 403
t 413 4 28
t 414 0 24
t 414 1 386
t 414 2 19
t 414 3 376
t 414 4 16
t 415 0 392
t 415 1 386
t 415 3 372
t 416 0 417
t 416 1 419
t 416 2 415
t 416 3 394
t 416 4 28
t 417 0 177
t 417 1 418
t 417 2 383
t 417 3 372
t 417 4 16
t 418 0 166
t 418 1 370
t 418 2 69
t 418 3 370
t 418 4 6
t 419 0 420
t 419 1 379
t 419 2 399
t 419 3 372
t 419 4 16
t 420 0 50
t 420 1 370
t 420 2 69
t 420 3 370
t 420 4 6
t 421 0 422
t 421 1 427
t 421 2 431
t 421 3 436
t 421 4 46
t 422 0 180
t 422 1 423
t 422 2 425
t 422 3 394
t 422 4 28
t 423 0 374
t 423 1 369
t 423 2 424
t 423 3 372
t 423 4 16
t 424 0 17
t 424 1 30
t 424 2 17
t 424 3 370
t 424 4 6
t 425 0 56
t 425 1 426
t 425 2 33
t 425 3 372
t 425 4 16
t 426 0 30
t 426 1 133
t 426 2 17
t 426 3 370
t 426 4 6
t 427 0 428
t 427 1 398
t 427 2 429
t 427 3 394
t 427 4 28
t 428 0 57
t 428 1 369
t 428 2 424
t 428 3 372
t 428 4 16
t 429 0 430
t 429 1 57
t 429 2 33
t 429 3 372
t 429 4 16
t 430 0 17
t 430 1 11
t 430 2 17
t 430 3 370
t 430 4 6
t 431 0 432
t 431 1 434
t 431 2 55
t 431 3 394
t 431 4 28
t 432 0 56
t 432 1 433
t 432 2 33
t 432 3 372
t 432 4 16
t 433 0 133
t 433 1 306
t 433 2 17
t 433 3 370
t 433 4 6
t 434 0 435
t 434 1 386
t 434 2 33
t 434 3 372
t 434 4 16
t 435 0 30
t 435 1 306
t 435 2 17
t 435 3 370
t 435 4 6
t 436 0 388
t 436 1 398
t 436 2 415
t 436 3 394
t 437 0 3
t 437 1 254
t 437 2 278
t 437 3 338
t 437 4 46
a 7
r 63
