644 5
0
t 0 0 1
t 0 1 315
t 0 2 421
t 0 3 495
t 0 4 551
t 1 0 2
t 1 1 112
t 1 2 204
t 1 3 249
t 1 4 281
t 2 0 3
t 2 1 86
t 2 2 91
t 2 3 96
t 2 4 98
t 3 0 4
t 3 1 60
t 3 2 65
t 3 3 70
t 3 4 72
t 4 0 5
t 4 1 36
t 4 2 41
t 4 3 46
t 4 4 48
t 5 0 6
t 5 1 20
t 5 2 24
t 5 3 28
t 5 4 30
t 6 0 7
t 6 1 12
t 6 2 14
t 6 3 17
t 6 4 18
t 7 0 8
t 7 1 10
t 7 2 8
t 7 3 11
t 7 4 8
t 8 0 9
t 8 1 9
t 8 2 9
t 8 3 9
t 8 4 9
t 10 2 9
t 10 3 9
t 10 4 9
t 11 1 9
t 11 2 9
t 11 4 9
t 12 2 8
t 12 3 13
t 12 4 8
t 13 2 9
t 13 4 9
t 14 0 8
t 14 1 15
t 14 2 8
t 14 3 16
t 14 4 8
t 15 0 9
t 15 2 9
t 15 3 9
t 15 4 9
t 16 1 9
t 16 4 9
t 17 1 13
t 17 2 11
t 17 4 8
t 18 0 8
t 18 1 15
t 18 2 8
t 18 3 19
t 18 4 8
t 19 0 9
t 19 1 9
t 19 2 9
t 19 4 9
t 20 2 21
t 20 3 23
t 20 4 18
t 21 0 8
t 21 1 15
t 21 2 8
t 21 3 22
t 21 4 8
t 22 4 9
t 23 2 13
t 23 4 8
t 24 0 25
t 24 1 26
t 24 2 14
t 24 3 27
t 24 4 18
t 25 0 8
t 25 1 10
t 25 2 8
t 25 3 16
t 25 4 8
t 26 0 15
t 26 2 8
t 26 3 22
t 26 4 8
t 27 1 22
t 27 4 8
t 28 1 29
t 28 2 17
t 28 4 18
t 29 2 11
t 29 4 8
t 30 0 7
t 30 1 31
t 30 2 33
t 30 3 35
t 30 4 18
t 31 0 15
t 31 2 8
t 31 3 32
t 31 4 8
t 32 0 9
t 32 2 9
t 32 4 9
t 33 0 8
t 33 1 15
t 33 2 8
t 33 3 34
t 33 4 8
t 34 0 9
t 34 1 9
t 34 4 9
t 35 0 19
t 35 1 32
t 35 2 19
t 35 4 8
t 36 2 37
t 36 3 40
t 36 4 30
t 37 0 38
t 37 1 26
t 37 2 21
t 37 3 39
t 37 4 18
t 38 0 8
t 38 1 10
t 38 2 8
t 38 3 22
t 38 4 8
t 39 4 8
t 40 2 23
t 40 4 18
t 41 0 42
t 41 1 44
t 41 2 24
t 41 3 45
t 41 4 30
t 42 0 25
t 42 1 43
t 42 2 14
t 42 3 27
t 42 4 18
t 43 2 8
t 43 3 22
t 43 4 8
t 44 0 26
t 44 2 21
t 44 3 39
t 44 4 18
t 45 1 39
t 45 4 18
t 46 1 47
t 46 2 28
t 46 4 30
t 47 2 17
t 47 4 18
t 48 0 6
t 48 1 49
t 48 2 54
t 48 3 57
t 48 4 30
t 49 0 50
t 49 2 51
t 49 3 53
t 49 4 18
t 50 0 15
t 50 2 8
t 50 3 13
t 50 4 8
t 51 0 8
t 51 1 15
t 51 2 8
t 51 3 52
t 51 4 8
t 52 0 9
t 52 4 9
t 53 0 32
t 53 2 32
t 53 4 8
t 54 0 25
t 54 1 55
t 54 2 33
t 54 3 56
t 54 4 18
t 55 0 15
t 55 2 8
t 55 3 52
t 55 4 8
t 56 0 34
t 56 1 52
t 56 4 8
t 57 0 58
t 57 1 59
t 57 2 35
t 57 4 18
t 58 0 19
t 58 1 13
t 58 2 19
t 58 4 8
t 59 0 32
t 59 2 19
t 59 4 8
t 60 2 61
t 60 3 64
t 60 4 48
t 61 0 62
t 61 1 44
t 61 2 37
t 61 3 63
t 61 4 30
t 62 0 38
t 62 1 43
t 62 2 21
t 62 3 39
t 62 4 18
t 63 4 18
t 64 2 40
t 64 4 30
t 65 0 66
t 65 1 68
t 65 2 41
t 65 3 69
t 65 4 48
t 66 0 42
t 66 1 67
t 66 2 24
t 66 3 45
t 66 4 30
t 67 2 21
t 67 3 39
t 67 4 18
t 68 0 44
t 68 2 37
t 68 3 63
t 68 4 30
t 69 1 63
t 69 4 30
t 70 1 71
t 70 2 46
t 70 4 48
t 71 2 28
t 71 4 30
t 72 0 5
t 72 1 73
t 72 2 78
t 72 3 82
t 72 4 48
t 73 0 74
t 73 2 75
t 73 3 77
t 73 4 30
t 74 0 50
t 74 2 21
t 74 3 23
t 74 4 18
t 75 0 38
t 75 1 55
t 75 2 51
t 75 3 76
t 75 4 18
t 76 0 52
t 76 4 8
t 77 0 53
t 77 2 53
t 77 4 18
t 78 0 42
t 78 1 79
t 78 2 54
t 78 3 80
t 78 4 30
t 79 0 26
t 79 2 51
t 79 3 76
t 79 4 18
t 80 0 81
t 80 1 76
t 80 4 18
t 81 0 34
t 81 1 22
t 81 4 8
t 82 0 83
t 82 1 85
t 82 2 57
t 82 4 30
t 83 0 58
t 83 1 84
t 83 2 35
t 83 4 18
t 84 2 19
t 84 4 8
t 85 0 59
t 85 2 35
t 85 4 18
t 86 2 87
t 86 3 90
t 86 4 72
t 87 0 88
t 87 1 68
t 87 2 61
t 87 3 89
t 87 4 48
t 88 0 62
t 88 1 67
t 88 2 37
t 88 3 63
t 88 4 30
t 89 4 30
t 90 2 64
t 90 4 48
t 91 0 92
t 91 1 94
t 91 2 65
t 91 3 95
t 91 4 72
t 92 0 66
t 92 1 93
t 92 2 41
t 92 3 69
t 92 4 48
t 93 2 37
t 93 3 63
t 93 4 30
t 94 0 68
t 94 2 61
t 94 3 89
t 94 4 48
t 95 1 89
t 95 4 48
t 96 1 97
t 96 2 70
t 96 4 72
t 97 2 46
t 97 4 48
t 98 0 4
t 98 1 99
t 98 2 104
t 98 3 108
t 98 4 72
t 99 0 100
t 99 2 101
t 99 3 103
t 99 4 48
t 100 0 74
t 100 2 37
t 100 3 40
t 100 4 30
t 101 0 62
t 101 1 79
t 101 2 75
t 101 3 102
t 101 4 30
t 102 0 76
t 102 4 18
t 103 0 77
t 103 2 77
t 103 4 30
t 104 0 66
t 104 1 105
t 104 2 78
t 104 3 106
t 104 4 48
t 105 0 44
t 105 2 75
t 105 3 102
t 105 4 30
t 106 0 107
t 106 1 102
t 106 4 30
t 107 0 81
t 107 1 39
t 107 4 18
t 108 0 109
t 108 1 111
t 108 2 82
t 108 4 48
t 109 0 83
t 109 1 110
t 109 2 57
t 109 4 30
t 110 2 35
t 110 4 18
t 111 0 85
t 111 2 57
t 111 4 30
t 112 0 113
t 112 1 178
t 112 2 180
t 112 3 189
t 112 4 199
t 113 1 114
t 113 2 159
t 113 3 166
t 113 4 176
t 114 0 115
t 114 1 141
t 114 2 143
t 114 3 148
t 114 4 157
t 115 1 116
t 115 2 130
t 115 3 133
t 115 4 139
t 116 0 117
t 116 1 122
t 116 2 124
t 116 3 126
t 116 4 129
t 117 1 118
t 117 2 120
t 117 3 118
t 117 4 121
t 118 0 119
t 118 1 119
t 118 2 119
t 118 3 119
t 118 4 119
t 120 3 119
t 120 4 119
t 121 2 119
t 121 3 119
t 122 0 123
t 122 1 118
t 122 2 120
t 122 3 118
t 122 4 121
t 123 1 119
t 123 2 119
t 123 3 119
t 123 4 119
t 124 3 118
t 124 4 125
t 125 3 119
t 126 0 123
t 126 1 118
t 126 2 127
t 126 3 118
t 126 4 128
t 127 0 119
t 127 1 119
t 127 3 119
t 127 4 119
t 128 2 119
t 129 2 125
t 129 3 121
t 130 3 131
t 130 4 132
t 131 0 123
t 131 1 118
t 131 2 127
t 131 3 118
t 132 3 125
t 133 0 134
t 133 1 136
t 133 2 138
t 133 3 126
t 134 1 118
t 134 2 135
t 134 3 118
t 134 4 128
t 135 1 119
t 135 3 119
t 135 4 119
t 136 0 123
t 136 1 118
t 136 2 137
t 136 3 118
t 136 4 128
t 137 0 119
t 137 3 119
t 137 4 119
t 138 0 135
t 138 1 127
t 138 3 118
t 139 2 140
t 139 3 129
t 140 3 121
t 141 0 142
t 141 1 116
t 141 2 130
t 141 3 133
t 141 4 139
t 142 1 122
t 142 2 124
t 142 3 126
t 142 4 129
t 143 3 144
t 143 4 147
t 144 0 145
t 144 1 146
t 144 2 138
t 144 3 131
t 145 1 118
t 145 2 135
t 145 3 118
t 146 0 123
t 146 1 118
t 146 2 137
t 146 3 118
t 147 3 132
t 148 0 149
t 148 1 152
t 148 2 155
t 148 3 133
t 149 1 150
t 149 2 151
t 149 3 126
t 150 0 123
t 150 1 118
t 150 2 120
t 150 3 118
t 150 4 128
t 151 1 135
t 151 3 118
t 152 0 153
t 152 1 136
t 152 2 154
t 152 3 126
t 153 1 118
t 153 2 120
t 153 3 118
t 153 4 128
t 154 0 120
t 154 3 118
t 155 0 156
t 155 1 138
t 155 3 131
t 156 1 127
t 156 3 118
t 157 2 158
t 157 3 139
t 158 3 129
t 159 3 160
t 159 4 165
t 160 0 161
t 160 1 163
t 160 2 155
t 160 3 144
t 161 1 162
t 161 2 151
t 161 3 131
t 162 0 123
t 162 1 118
t 162 2 120
t 162 3 118
t 163 0 164
t 163 1 146
t 163 2 154
t 163 3 131
t 164 1 118
t 164 2 120
t 164 3 118
t 165 3 147
t 166 0 167
t 166 1 171
t 166 2 174
t 166 3 148
t 167 1 168
t 167 2 170
t 167 3 133
t 168 0 153
t 168 1 150
t 168 2 169
t 168 3 126
t 169 3 118
t 170 1 151
t 170 3 131
t 171 0 172
t 171 1 152
t 171 2 173
t 171 3 133
t 172 1 150
t 172 2 169
t 172 3 126
t 173 0 169
t 173 3 131
t 174 0 175
t 174 1 155
t 174 3 144
t 175 1 138
t 175 3 131
t 176 2 177
t 176 3 157
t 177 3 139
t 178 0 179
t 178 1 114
t 178 2 159
t 178 3 166
t 178 4 176
t 179 1 141
t 179 2 143
t 179 3 148
t 179 4 157
t 180 0 181
t 180 1 94
t 180 2 87
t 180 3 182
t 180 4 187
t 181 0 88
t 181 1 93
t 181 2 61
t 181 3 89
t 181 4 48
t 182 0 183
t 182 1 185
t 182 2 174
t 182 3 160
t 182 4 48
t 183 1 184
t 183 2 170
t 183 3 144
t 184 0 164
t 184 1 162
t 184 2 169
t 184 3 131
t 185 0 186
t 185 1 163
t 185 2 173
t 185 3 144
t 186 1 162
t 186 2 169
t 186 3 131
t 187 0 5
t 187 1 73
t 187 2 78
t 187 3 188
t 187 4 48
t 188 0 83
t 188 1 85
t 188 2 57
t 188 3 147
t 188 4 30
t 189 0 190
t 189 1 194
t 189 2 197
t 189 3 166
t 189 4 72
t 190 1 191
t 190 2 193
t 190 3 148
t 191 0 172
t 191 1 168
t 191 2 192
t 191 3 133
t 192 3 131
t 193 1 170
t 193 3 144
t 194 0 195
t 194 1 171
t 194 2 196
t 194 3 148
t 195 1 168
t 195 2 192
t 195 3 133
t 196 0 192
t 196 3 144
t 197 0 198
t 197 1 174
t 197 2 64
t 197 3 160
t 197 4 48
t 198 1 155
t 198 3 144
t 199 0 4
t 199 1 99
t 199 2 200
t 199 3 202
t 199 4 72
t 200 0 66
t 200 1 105
t 200 2 78
t 200 3 201
t 200 4 48
t 201 0 107
t 201 1 102
t 201 2 158
t 201 3 139
t 201 4 30
t 202 0 109
t 202 1 111
t 202 2 203
t 202 3 157
t 202 4 48
t 203 0 83
t 203 1 85
t 203 2 57
t 203 3 139
t 203 4 30
t 204 0 205
t 204 1 207
t 204 2 91
t 204 3 212
t 204 4 240
t 205 0 92
t 205 1 206
t 205 2 65
t 205 3 95
t 205 4 72
t 206 2 61
t 206 3 89
t 206 4 48
t 207 0 94
t 207 1 208
t 207 2 87
t 207 3 182
t 207 4 187
t 208 1 209
t 208 3 160
t 208 4 165
t 209 1 210
t 209 3 144
t 209 4 147
t 210 1 211
t 210 3 131
t 210 4 132
t 211 1 135
t 211 3 118
t 211 4 125
t 212 0 213
t 212 1 229
t 212 2 231
t 212 3 233
t 212 4 238
t 213 1 214
t 213 2 215
t 213 3 223
t 213 4 228
t 214 0 186
t 214 1 184
t 214 2 192
t 214 3 144
t 215 1 170
t 215 3 216
t 215 4 222
t 216 0 217
t 216 1 146
t 216 2 219
t 216 3 220
t 216 4 221
t 217 1 118
t 217 2 135
t 217 3 118
t 217 4 218
t 218 1 119
t 219 0 135
t 219 1 127
t 219 3 118
t 219 4 218
t 220 0 123
t 220 1 118
t 220 2 127
t 220 3 118
t 220 4 218
t 221 1 218
t 222 1 221
t 223 0 224
t 223 1 163
t 223 2 226
t 223 3 216
t 223 4 222
t 224 1 162
t 224 2 225
t 224 3 220
t 224 4 221
t 225 1 135
t 225 3 118
t 225 4 218
t 226 0 227
t 226 1 138
t 226 3 220
t 226 4 221
t 227 1 127
t 227 3 118
t 227 4 218
t 228 1 222
t 229 0 230
t 229 1 185
t 229 2 196
t 229 3 160
t 229 4 48
t 230 1 184
t 230 2 192
t 230 3 144
t 231 0 232
t 231 1 174
t 231 3 223
t 231 4 228
t 232 1 155
t 232 3 216
t 232 4 222
t 233 0 234
t 233 1 185
t 233 2 236
t 233 3 223
t 233 4 228
t 234 1 184
t 234 2 235
t 234 3 216
t 234 4 222
t 235 1 151
t 235 3 220
t 235 4 221
t 236 0 237
t 236 1 155
t 236 3 216
t 236 4 222
t 237 1 138
t 237 3 220
t 237 4 221
t 238 0 5
t 238 1 239
t 238 2 78
t 238 3 82
t 238 4 48
t 239 0 74
t 239 1 222
t 239 2 75
t 239 3 77
t 239 4 30
t 240 0 4
t 240 1 241
t 240 2 104
t 240 3 247
t 240 4 72
t 241 0 100
t 241 1 242
t 241 2 101
t 241 3 246
t 241 4 48
t 242 1 243
t 242 3 243
t 243 1 244
t 243 3 244
t 244 1 245
t 244 3 245
t 245 1 119
t 245 3 119
t 246 0 77
t 246 1 243
t 246 2 77
t 246 3 243
t 246 4 30
t 247 0 109
t 247 1 248
t 247 2 82
t 247 3 242
t 247 4 48
t 248 0 85
t 248 1 243
t 248 2 57
t 248 3 243
t 248 4 30
t 249 0 250
t 249 1 269
t 249 2 272
t 249 3 275
t 249 4 277
t 250 1 251
t 250 2 253
t 250 3 254
t 250 4 267
t 251 0 195
t 251 1 191
t 251 2 252
t 251 3 148
t 252 3 144
t 253 1 193
t 253 3 223
t 253 4 228
t 254 0 255
t 254 1 171
t 254 2 236
t 254 3 263
t 254 4 265
t 255 1 168
t 255 2 235
t 255 3 256
t 255 4 261
t 256 0 257
t 256 1 136
t 256 2 219
t 256 3 259
t 256 4 260
t 257 1 118
t 257 2 135
t 257 3 118
t 257 4 258
t 258 1 119
t 258 2 119
t 259 0 123
t 259 1 118
t 259 2 127
t 259 3 118
t 259 4 258
t 260 1 258
t 260 2 218
t 261 1 262
t 261 2 221
t 262 1 258
t 263 0 264
t 263 1 152
t 263 2 226
t 263 3 256
t 263 4 261
t 264 1 150
t 264 2 225
t 264 3 259
t 264 4 260
t 265 1 266
t 265 2 222
t 266 1 262
t 267 1 268
t 267 2 228
t 268 1 266
t 269 0 270
t 269 1 194
t 269 2 271
t 269 3 166
t 269 4 72
t 270 1 191
t 270 2 252
t 270 3 148
t 271 0 252
t 271 1 71
t 271 2 46
t 271 3 160
t 271 4 48
t 272 0 273
t 272 1 274
t 272 2 70
t 272 3 233
t 272 4 238
t 273 1 174
t 273 3 223
t 273 4 228
t 274 0 198
t 274 1 174
t 274 2 46
t 274 3 160
t 274 4 48
t 275 0 276
t 275 1 194
t 275 2 231
t 275 3 254
t 275 4 267
t 276 1 191
t 276 2 215
t 276 3 263
t 276 4 265
t 277 0 4
t 277 1 278
t 277 2 279
t 277 3 108
t 277 4 72
t 278 0 100
t 278 1 268
t 278 2 101
t 278 3 103
t 278 4 48
t 279 0 66
t 279 1 280
t 279 2 78
t 279 3 106
t 279 4 48
t 280 0 44
t 280 1 222
t 280 2 75
t 280 3 102
t 280 4 30
t 281 0 3
t 281 1 282
t 281 2 301
t 281 3 307
t 281 4 98
t 282 0 283
t 282 1 284
t 282 2 297
t 282 3 299
t 282 4 72
t 283 0 100
t 283 2 61
t 283 3 64
t 283 4 48
t 284 1 285
t 284 2 294
t 284 3 295
t 285 1 286
t 285 2 291
t 285 3 292
t 286 1 287
t 286 2 289
t 286 3 290
t 287 1 288
t 287 2 125
t 287 3 288
t 288 1 119
t 288 2 119
t 288 3 119
t 289 3 288
t 290 1 288
t 290 2 245
t 290 3 288
t 291 3 290
t 292 1 287
t 292 2 293
t 292 3 290
t 293 1 245
t 293 3 288
t 294 3 292
t 295 1 286
t 295 2 296
t 295 3 292
t 296 1 293
t 296 3 290
t 297 0 88
t 297 1 105
t 297 2 101
t 297 3 298
t 297 4 48
t 298 0 102
t 298 1 286
t 298 2 296
t 298 3 292
t 298 4 30
t 299 0 103
t 299 1 285
t 299 2 300
t 299 3 295
t 299 4 48
t 300 0 77
t 300 1 296
t 300 2 77
t 300 3 292
t 300 4 30
t 301 0 92
t 301 1 302
t 301 2 104
t 301 3 304
t 301 4 72
t 302 0 68
t 302 1 303
t 302 2 101
t 302 3 298
t 302 4 48
t 303 1 296
t 303 3 292
t 304 0 305
t 304 1 306
t 304 2 303
t 304 3 295
t 304 4 48
t 305 0 107
t 305 1 63
t 305 4 30
t 306 0 102
t 306 1 286
t 306 2 291
t 306 3 292
t 306 4 30
t 307 0 308
t 307 1 310
t 307 2 312
t 307 3 314
t 307 4 72
t 308 0 109
t 308 1 309
t 308 2 82
t 308 4 48
t 309 2 57
t 309 4 30
t 310 0 111
t 310 1 285
t 310 2 311
t 310 3 295
t 310 4 48
t 311 0 83
t 311 1 85
t 311 2 57
t 311 3 292
t 311 4 30
t 312 0 109
t 312 1 313
t 312 2 82
t 312 3 295
t 312 4 48
t 313 0 85
t 313 1 296
t 313 2 57
t 313 3 292
t 313 4 30
t 314 1 285
t 314 2 303
t 314 3 295
t 315 0 316
t 315 1 318
t 315 2 380
t 315 3 396
t 315 4 404
t 316 0 317
t 316 1 178
t 316 2 180
t 316 3 189
t 316 4 199
t 317 0 283
t 317 2 87
t 317 3 90
t 317 4 72
t 318 0 113
t 318 1 319
t 318 2 367
t 318 3 372
t 318 4 376
t 319 0 179
t 319 1 320
t 319 2 354
t 319 3 359
t 319 4 363
t 320 0 115
t 320 1 321
t 320 2 341
t 320 3 346
t 320 4 350
t 321 0 142
t 321 1 322
t 321 2 330
t 321 3 334
t 321 4 338
t 322 0 117
t 322 1 323
t 322 2 325
t 322 3 327
t 322 4 329
t 323 0 123
t 323 1 118
t 323 2 137
t 323 3 118
t 323 4 324
t 324 0 119
t 324 2 119
t 324 3 119
t 325 0 120
t 325 3 118
t 325 4 326
t 326 0 119
t 326 3 119
t 327 0 123
t 327 1 118
t 327 2 127
t 327 3 118
t 327 4 328
t 328 0 119
t 328 2 119
t 329 0 121
t 329 2 326
t 329 3 324
t 330 0 124
t 330 3 331
t 330 4 333
t 331 0 123
t 331 1 118
t 331 2 127
t 331 3 118
t 331 4 332
t 332 0 119
t 333 0 125
t 333 3 326
t 334 0 134
t 334 1 335
t 334 2 336
t 334 3 327
t 334 4 337
t 335 0 123
t 335 1 118
t 335 2 137
t 335 3 118
t 335 4 328
t 336 0 135
t 336 1 127
t 336 3 118
t 336 4 332
t 337 0 128
t 337 2 332
t 338 0 339
t 338 2 340
t 338 3 329
t 339 2 125
t 339 3 324
t 340 0 125
t 340 3 324
t 341 0 130
t 341 3 342
t 341 4 344
t 342 0 145
t 342 1 343
t 342 2 336
t 342 3 331
t 343 0 123
t 343 1 118
t 343 2 137
t 343 3 118
t 343 4 332
t 344 0 345
t 344 3 333
t 345 3 326
t 346 0 149
t 346 1 347
t 346 2 349
t 346 3 334
t 347 0 153
t 347 1 335
t 347 2 348
t 347 3 327
t 347 4 337
t 348 0 120
t 348 3 118
t 348 4 332
t 349 0 156
t 349 1 336
t 349 3 331
t 350 0 351
t 350 2 353
t 350 3 338
t 351 2 352
t 351 3 329
t 352 3 324
t 353 0 352
t 353 3 329
t 354 0 143
t 354 3 355
t 354 4 357
t 355 0 161
t 355 1 356
t 355 2 349
t 355 3 342
t 356 0 164
t 356 1 343
t 356 2 348
t 356 3 331
t 357 0 358
t 357 3 344
t 358 3 333
t 359 0 167
t 359 1 360
t 359 2 362
t 359 3 346
t 360 0 172
t 360 1 347
t 360 2 361
t 360 3 334
t 361 0 169
t 361 3 331
t 362 0 175
t 362 1 349
t 362 3 342
t 363 0 364
t 363 2 366
t 363 3 350
t 364 2 365
t 364 3 338
t 365 3 329
t 366 0 365
t 366 3 338
t 367 0 159
t 367 3 368
t 367 4 370
t 368 0 183
t 368 1 369
t 368 2 362
t 368 3 355
t 369 0 186
t 369 1 356
t 369 2 361
t 369 3 342
t 370 0 371
t 370 3 357
t 371 3 344
t 372 0 190
t 372 1 373
t 372 2 375
t 372 3 359
t 373 0 195
t 373 1 360
t 373 2 374
t 373 3 346
t 374 0 192
t 374 3 342
t 375 0 198
t 375 1 362
t 375 3 355
t 376 0 377
t 376 2 379
t 376 3 363
t 377 2 378
t 377 3 350
t 378 3 338
t 379 0 378
t 379 3 350
t 380 0 381
t 380 1 382
t 380 2 386
t 380 3 388
t 380 4 391
t 381 0 181
t 381 1 206
t 381 2 87
t 381 3 182
t 381 4 187
t 382 0 94
t 382 2 383
t 382 3 385
t 382 4 72
t 383 0 88
t 383 1 105
t 383 2 101
t 383 3 384
t 383 4 48
t 384 0 102
t 384 4 30
t 385 0 384
t 385 4 48
t 386 0 181
t 386 1 387
t 386 2 383
t 386 3 385
t 386 4 72
t 387 0 68
t 387 2 101
t 387 3 384
t 387 4 48
t 388 0 389
t 388 1 390
t 388 2 375
t 388 3 368
t 388 4 72
t 389 0 384
t 389 1 214
t 389 2 193
t 389 3 160
t 389 4 48
t 390 0 230
t 390 1 369
t 390 2 374
t 390 3 355
t 391 0 392
t 391 1 99
t 391 2 104
t 391 3 394
t 391 4 72
t 392 0 5
t 392 1 36
t 392 2 41
t 392 3 393
t 392 4 48
t 393 0 358
t 393 1 47
t 393 2 28
t 393 3 344
t 393 4 30
t 394 0 395
t 394 1 111
t 394 2 82
t 394 3 357
t 394 4 48
t 395 0 83
t 395 1 110
t 395 2 57
t 395 3 344
t 395 4 30
t 396 0 397
t 396 1 400
t 396 2 402
t 396 3 372
t 396 4 98
t 397 0 398
t 397 1 251
t 397 2 399
t 397 3 166
t 397 4 72
t 398 0 103
t 398 2 103
t 398 4 48
t 399 0 103
t 399 1 193
t 399 2 103
t 399 3 160
t 399 4 48
t 400 0 270
t 400 1 373
t 400 2 401
t 400 3 359
t 401 0 252
t 401 3 355
t 402 0 403
t 402 1 375
t 402 2 398
t 402 3 368
t 402 4 72
t 403 0 103
t 403 1 174
t 403 2 103
t 403 3 160
t 403 4 48
t 404 0 405
t 404 1 410
t 404 2 411
t 404 3 415
t 404 4 98
t 405 0 4
t 405 1 60
t 405 2 406
t 405 3 408
t 405 4 72
t 406 0 66
t 406 1 68
t 406 2 41
t 406 3 407
t 406 4 48
t 407 0 351
t 407 1 63
t 407 2 353
t 407 3 338
t 407 4 30
t 408 0 364
t 408 1 71
t 408 2 409
t 408 3 350
t 408 4 48
t 409 0 365
t 409 1 47
t 409 2 28
t 409 3 338
t 409 4 30
t 410 0 283
t 410 2 383
t 410 3 398
t 410 4 72
t 411 0 412
t 411 1 387
t 411 2 104
t 411 3 413
t 411 4 72
t 412 0 66
t 412 1 93
t 412 2 41
t 412 3 407
t 412 4 48
t 413 0 414
t 413 1 384
t 413 2 366
t 413 3 350
t 413 4 48
t 414 0 107
t 414 1 63
t 414 2 365
t 414 3 338
t 414 4 30
t 415 0 416
t 415 1 418
t 415 2 419
t 415 3 363
t 415 4 72
t 416 0 109
t 416 1 309
t 416 2 417
t 416 3 350
t 416 4 48
t 417 0 83
t 417 1 85
t 417 2 57
t 417 3 338
t 417 4 30
t 418 0 111
t 418 2 82
t 418 4 48
t 419 0 420
t 419 1 111
t 419 2 82
t 419 3 350
t 419 4 48
t 420 0 83
t 420 1 110
t 420 2 57
t 420 3 338
t 420 4 30
t 421 0 422
t 421 1 432
t 421 2 439
t 421 3 444
t 421 4 472
t 422 0 205
t 422 1 423
t 422 2 91
t 422 3 212
t 422 4 240
t 423 0 424
t 423 1 430
t 423 2 87
t 423 3 182
t 423 4 187
t 424 1 425
t 424 3 160
t 424 4 165
t 425 0 426
t 425 1 428
t 425 3 144
t 425 4 147
t 426 1 427
t 426 3 131
t 426 4 132
t 427 0 135
t 427 1 127
t 427 3 118
t 427 4 125
t 428 0 429
t 428 1 427
t 428 3 131
t 428 4 132
t 429 1 127
t 429 3 118
t 429 4 125
t 430 0 431
t 430 1 425
t 430 3 160
t 430 4 165
t 431 1 428
t 431 3 144
t 431 4 147
t 432 0 433
t 432 1 434
t 432 2 386
t 432 3 388
t 432 4 391
t 433 0 94
t 433 1 430
t 433 2 87
t 433 3 182
t 433 4 187
t 434 0 424
t 434 1 435
t 434 3 368
t 434 4 370
t 435 0 431
t 435 1 436
t 435 3 355
t 435 4 357
t 436 0 426
t 436 1 437
t 436 3 342
t 436 4 344
t 437 0 429
t 437 1 438
t 437 3 331
t 437 4 333
t 438 0 135
t 438 1 127
t 438 3 118
t 438 4 326
t 439 0 205
t 439 1 382
t 439 2 440
t 439 3 442
t 439 4 98
t 440 0 92
t 440 1 387
t 440 2 104
t 440 3 441
t 440 4 72
t 441 0 305
t 441 1 384
t 441 4 48
t 442 0 443
t 442 1 385
t 442 4 72
t 443 0 305
t 443 1 89
t 443 4 48
t 444 0 445
t 444 1 447
t 444 2 449
t 444 3 465
t 444 4 467
t 445 0 443
t 445 1 446
t 445 2 253
t 445 3 233
t 445 4 238
t 446 0 230
t 446 1 214
t 446 2 252
t 446 3 160
t 446 4 48
t 447 0 448
t 447 1 390
t 447 2 401
t 447 3 368
t 447 4 72
t 448 0 384
t 448 1 214
t 448 2 252
t 448 3 160
t 448 4 48
t 449 0 273
t 449 1 375
t 449 3 450
t 449 4 463
t 450 0 234
t 450 1 369
t 450 2 451
t 450 3 459
t 450 4 461
t 451 0 237
t 451 1 349
t 451 3 452
t 451 4 457
t 452 0 217
t 452 1 343
t 452 2 453
t 452 3 455
t 452 4 456
t 453 0 135
t 453 1 127
t 453 3 118
t 453 4 454
t 454 0 119
t 454 1 119
t 455 0 123
t 455 1 118
t 455 2 127
t 455 3 118
t 455 4 454
t 456 0 218
t 456 1 454
t 457 0 458
t 457 1 456
t 458 1 454
t 459 0 224
t 459 1 356
t 459 2 460
t 459 3 452
t 459 4 457
t 460 0 227
t 460 1 336
t 460 3 455
t 460 4 456
t 461 0 462
t 461 1 457
t 462 1 456
t 463 0 464
t 463 1 461
t 464 1 457
t 465 0 213
t 465 1 390
t 465 2 466
t 465 3 450
t 465 4 463
t 466 0 232
t 466 1 362
t 466 3 459
t 466 4 461
t 467 0 468
t 467 1 470
t 467 2 104
t 467 3 108
t 467 4 72
t 468 0 5
t 468 1 469
t 468 2 41
t 468 3 46
t 468 4 48
t 469 0 462
t 469 1 457
t 469 2 37
t 469 3 40
t 469 4 30
t 470 0 471
t 470 1 461
t 470 2 101
t 470 3 103
t 470 4 48
t 471 0 74
t 471 1 457
t 471 2 37
t 471 3 40
t 471 4 30
t 472 0 473
t 472 1 485
t 472 2 440
t 472 3 490
t 472 4 98
t 473 0 4
t 473 1 474
t 473 2 65
t 473 3 483
t 473 4 72
t 474 0 475
t 474 1 480
t 474 2 61
t 474 3 482
t 474 4 48
t 475 1 476
t 475 3 476
t 476 0 477
t 476 1 479
t 476 3 479
t 477 1 478
t 477 3 478
t 478 0 119
t 478 1 119
t 478 3 119
t 479 0 245
t 479 1 478
t 479 3 478
t 480 0 481
t 480 1 476
t 480 3 476
t 481 1 479
t 481 3 479
t 482 0 481
t 482 1 476
t 482 2 40
t 482 3 476
t 482 4 30
t 483 0 475
t 483 1 484
t 483 2 46
t 483 3 480
t 483 4 48
t 484 0 481
t 484 1 476
t 484 2 28
t 484 3 476
t 484 4 30
t 485 0 486
t 485 1 487
t 485 2 383
t 485 3 488
t 485 4 72
t 486 0 100
t 486 1 480
t 486 2 61
t 486 3 482
t 486 4 48
t 487 0 475
t 487 1 480
t 487 3 480
t 488 0 489
t 488 1 480
t 488 2 103
t 488 3 480
t 488 4 48
t 489 0 77
t 489 1 476
t 489 2 77
t 489 3 476
t 489 4 30
t 490 0 491
t 490 1 493
t 490 2 108
t 490 3 487
t 490 4 72
t 491 0 109
t 491 1 492
t 491 2 82
t 491 3 480
t 491 4 48
t 492 0 481
t 492 1 476
t 492 2 57
t 492 3 476
t 492 4 30
t 493 0 494
t 493 1 480
t 493 2 82
t 493 3 480
t 493 4 48
t 494 0 85
t 494 1 476
t 494 2 57
t 494 3 476
t 494 4 30
t 495 0 496
t 495 1 503
t 495 2 507
t 495 3 513
t 495 4 539
t 496 0 497
t 496 1 499
t 496 2 501
t 496 3 275
t 496 4 277
t 497 0 308
t 497 1 498
t 497 2 108
t 497 4 72
t 498 2 82
t 498 4 48
t 499 0 270
t 499 1 251
t 499 2 500
t 499 3 166
t 499 4 72
t 500 0 109
t 500 1 111
t 500 2 82
t 500 3 160
t 500 4 48
t 501 0 308
t 501 1 502
t 501 2 108
t 501 3 233
t 501 4 238
t 502 0 111
t 502 1 193
t 502 2 82
t 502 3 160
t 502 4 48
t 503 0 504
t 503 1 400
t 503 2 505
t 503 3 372
t 503 4 98
t 504 0 418
t 504 1 251
t 504 2 500
t 504 3 166
t 504 4 72
t 505 0 506
t 505 1 418
t 505 2 108
t 505 3 368
t 505 4 72
t 506 0 109
t 506 1 309
t 506 2 82
t 506 3 160
t 506 4 48
t 507 0 508
t 507 1 510
t 507 2 512
t 507 3 465
t 507 4 467
t 508 0 308
t 508 1 509
t 508 2 108
t 508 3 233
t 508 4 238
t 509 0 198
t 509 1 174
t 509 2 82
t 509 3 160
t 509 4 48
t 510 0 511
t 510 1 375
t 510 2 108
t 510 3 368
t 510 4 72
t 511 0 111
t 511 1 174
t 511 2 82
t 511 3 160
t 511 4 48
t 512 0 308
t 512 1 418
t 512 2 108
t 512 4 72
t 513 0 250
t 513 1 400
t 513 2 449
t 513 3 514
t 513 4 534
t 514 0 276
t 514 1 373
t 514 2 466
t 514 3 515
t 514 4 529
t 515 0 255
t 515 1 360
t 515 2 451
t 515 3 516
t 515 4 524
t 516 0 264
t 516 1 347
t 516 2 460
t 516 3 517
t 516 4 521
t 517 0 257
t 517 1 335
t 517 2 453
t 517 3 518
t 517 4 520
t 518 0 123
t 518 1 118
t 518 2 127
t 518 3 118
t 518 4 519
t 519 0 119
t 519 1 119
t 519 2 119
t 520 0 258
t 520 1 519
t 520 2 454
t 521 0 522
t 521 1 523
t 521 2 456
t 522 1 519
t 522 2 218
t 523 0 258
t 523 1 519
t 523 2 332
t 524 0 525
t 524 1 527
t 524 2 457
t 525 1 526
t 525 2 221
t 526 0 258
t 526 1 519
t 527 0 528
t 527 1 523
t 528 1 519
t 529 0 530
t 529 1 532
t 529 2 461
t 530 1 531
t 530 2 222
t 531 0 528
t 531 1 526
t 532 0 533
t 532 1 527
t 533 1 526
t 534 0 535
t 534 1 537
t 534 2 463
t 535 1 536
t 535 2 228
t 536 0 533
t 536 1 531
t 537 0 538
t 537 1 532
t 538 1 531
t 539 0 540
t 539 1 544
t 539 2 546
t 539 3 512
t 539 4 98
t 540 0 4
t 540 1 541
t 540 2 542
t 540 3 70
t 540 4 72
t 541 0 538
t 541 1 536
t 541 2 61
t 541 3 64
t 541 4 48
t 542 0 66
t 542 1 543
t 542 2 41
t 542 3 69
t 542 4 48
t 543 0 44
t 543 1 222
t 543 2 37
t 543 3 63
t 543 4 30
t 544 0 545
t 544 1 537
t 544 2 383
t 544 3 398
t 544 4 72
t 545 0 100
t 545 1 536
t 545 2 61
t 545 3 64
t 545 4 48
t 546 0 547
t 546 1 549
t 546 2 104
t 546 3 441
t 546 4 72
t 547 0 66
t 547 1 548
t 547 2 41
t 547 3 69
t 547 4 48
t 548 0 462
t 548 1 457
t 548 2 37
t 548 3 63
t 548 4 30
t 549 0 550
t 549 1 461
t 549 2 101
t 549 3 384
t 549 4 48
t 550 0 44
t 550 1 457
t 550 2 37
t 550 3 63
t 550 4 30
t 551 0 552
t 551 1 601
t 551 2 616
t 551 3 627
t 551 4 643
t 552 0 3
t 552 1 553
t 552 2 587
t 552 3 593
t 552 4 98
t 553 0 554
t 553 1 576
t 553 2 578
t 553 3 580
t 553 4 72
t 554 1 555
t 554 2 568
t 554 3 569
t 555 0 556
t 555 1 561
t 555 2 563
t 555 3 564
t 556 1 557
t 556 2 559
t 556 3 560
t 557 0 288
t 557 1 558
t 557 2 125
t 557 3 558
t 558 0 119
t 558 1 119
t 558 2 119
t 558 3 119
t 559 3 558
t 560 0 288
t 560 1 558
t 560 2 478
t 560 3 558
t 561 0 562
t 561 1 557
t 561 2 559
t 561 3 560
t 562 1 558
t 562 2 125
t 562 3 558
t 563 3 560
t 564 0 565
t 564 1 566
t 564 2 567
t 564 3 560
t 565 1 558
t 565 2 245
t 565 3 558
t 566 0 288
t 566 1 558
t 566 2 326
t 566 3 558
t 567 0 245
t 567 1 478
t 567 3 558
t 568 3 564
t 569 0 570
t 569 1 572
t 569 2 574
t 569 3 564
t 570 1 557
t 570 2 571
t 570 3 560
t 571 1 245
t 571 3 558
t 572 0 562
t 572 1 566
t 572 2 573
t 572 3 560
t 573 0 125
t 573 3 558
t 574 0 575
t 574 1 567
t 574 3 560
t 575 1 478
t 575 3 558
t 576 0 577
t 576 1 555
t 576 2 568
t 576 3 569
t 577 1 561
t 577 2 563
t 577 3 564
t 578 0 88
t 578 1 68
t 578 2 61
t 578 3 579
t 578 4 48
t 579 0 570
t 579 1 572
t 579 2 574
t 579 3 564
t 579 4 30
t 580 0 581
t 580 1 583
t 580 2 585
t 580 3 569
t 580 4 48
t 581 1 561
t 581 2 582
t 581 3 564
t 582 1 571
t 582 3 560
t 583 0 556
t 583 1 572
t 583 2 584
t 583 3 564
t 584 0 559
t 584 3 560
t 585 0 586
t 585 1 574
t 585 2 40
t 585 3 564
t 585 4 30
t 586 1 567
t 586 3 560
t 587 0 92
t 587 1 588
t 587 2 65
t 587 3 590
t 587 4 72
t 588 0 68
t 588 1 589
t 588 2 61
t 588 3 579
t 588 4 48
t 589 1 582
t 589 3 564
t 590 0 581
t 590 1 591
t 590 2 592
t 590 3 569
t 590 4 48
t 591 0 556
t 591 1 572
t 591 2 584
t 591 3 564
t 591 4 30
t 592 0 586
t 592 1 574
t 592 3 564
t 593 0 594
t 593 1 595
t 593 2 597
t 593 3 600
t 593 4 72
t 594 1 555
t 594 2 589
t 594 3 569
t 595 0 577
t 595 1 583
t 595 2 596
t 595 3 569
t 595 4 48
t 596 0 563
t 596 1 47
t 596 2 28
t 596 3 564
t 596 4 30
t 597 0 598
t 597 1 599
t 597 2 46
t 597 3 569
t 597 4 48
t 598 1 574
t 598 3 564
t 599 0 586
t 599 1 574
t 599 2 28
t 599 3 564
t 599 4 30
t 600 0 581
t 600 1 583
t 600 2 592
t 600 3 569
t 601 0 602
t 601 1 603
t 601 2 607
t 601 3 611
t 601 4 98
t 602 0 283
t 602 1 576
t 602 2 578
t 602 3 580
t 602 4 72
t 603 0 554
t 603 1 604
t 603 2 606
t 603 3 600
t 604 0 577
t 604 1 583
t 604 2 605
t 604 3 569
t 605 0 563
t 605 3 564
t 606 0 568
t 606 3 569
t 607 0 608
t 607 1 387
t 607 2 383
t 607 3 609
t 607 4 72
t 608 0 88
t 608 1 93
t 608 2 61
t 608 3 579
t 608 4 48
t 609 0 610
t 609 1 583
t 609 2 592
t 609 3 569
t 609 4 48
t 610 0 102
t 610 1 561
t 610 2 582
t 610 3 564
t 610 4 30
t 611 0 612
t 611 1 604
t 611 2 614
t 611 3 600
t 611 4 72
t 612 0 103
t 612 1 555
t 612 2 613
t 612 3 569
t 612 4 48
t 613 0 77
t 613 1 582
t 613 2 77
t 613 3 564
t 613 4 30
t 614 0 615
t 614 1 592
t 614 2 103
t 614 3 569
t 614 4 48
t 615 0 77
t 615 1 574
t 615 2 77
t 615 3 564
t 615 4 30
t 616 0 617
t 616 1 619
t 616 2 440
t 616 3 622
t 616 4 98
t 617 0 92
t 617 1 618
t 617 2 65
t 617 3 590
t 617 4 72
t 618 0 598
t 618 1 592
t 618 2 61
t 618 3 579
t 618 4 48
t 619 0 620
t 619 1 621
t 619 2 383
t 619 3 609
t 619 4 72
t 620 0 68
t 620 1 592
t 620 2 61
t 620 3 579
t 620 4 48
t 621 0 598
t 621 1 592
t 621 3 569
t 622 0 623
t 622 1 625
t 622 2 621
t 622 3 600
t 622 4 72
t 623 0 305
t 623 1 624
t 623 2 589
t 623 3 569
t 623 4 48
t 624 0 556
t 624 1 561
t 624 2 563
t 624 3 564
t 624 4 30
t 625 0 626
t 625 1 583
t 625 2 605
t 625 3 569
t 625 4 48
t 626 0 102
t 626 1 561
t 626 2 563
t 626 3 564
t 626 4 30
t 627 0 628
t 627 1 633
t 627 2 637
t 627 3 642
t 627 4 98
t 628 0 308
t 628 1 629
t 628 2 631
t 628 3 600
t 628 4 72
t 629 0 577
t 629 1 555
t 629 2 630
t 629 3 569
t 629 4 48
t 630 0 83
t 630 1 85
t 630 2 57
t 630 3 564
t 630 4 30
t 631 0 109
t 631 1 632
t 631 2 82
t 631 3 569
t 631 4 48
t 632 0 85
t 632 1 582
t 632 2 57
t 632 3 564
t 632 4 30
t 633 0 634
t 633 1 604
t 633 2 635
t 633 3 600
t 633 4 72
t 634 0 111
t 634 1 555
t 634 2 630
t 634 3 569
t 634 4 48
t 635 0 636
t 635 1 111
t 635 2 82
t 635 3 569
t 635 4 48
t 636 0 83
t 636 1 110
t 636 2 57
t 636 3 564
t 636 4 30
t 637 0 638
t 637 1 640
t 637 2 108
t 637 3 600
t 637 4 72
t 638 0 109
t 638 1 639
t 638 2 82
t 638 3 569
t 638 4 48
t 639 0 586
t 639 1 574
t 639 2 57
t 639 3 564
t 639 4 30
t 640 0 641
t 640 1 592
t 640 2 82
t 640 3 569
t 640 4 48
t 641 0 85
t 641 1 574
t 641 2 57
t 641 3 564
t 641 4 30
t 642 0 594
t 642 1 604
t 642 2 621
t 642 3 600
t 643 0 3
t 643 1 410
t 643 2 440
t 643 3 512
t 643 4 98
a 9
r 119
