747 5
0
t 0 0 1
t 0 1 379
t 0 2 499
t 0 3 582
t 0 4 644
t 1 0 2
t 1 1 139
t 1 2 252
t 1 3 305
t 1 4 341
t 2 0 3
t 2 1 113
t 2 2 118
t 2 3 123
t 2 4 125
t 3 0 4
t 3 1 87
t 3 2 92
t 3 3 97
t 3 4 99
t 4 0 5
t 4 1 61
t 4 2 66
t 4 3 71
t 4 4 73
t 5 0 6
t 5 1 37
t 5 2 42
t 5 3 47
t 5 4 49
t 6 0 7
t 6 1 21
t 6 2 25
t 6 3 29
t 6 4 31
t 7 0 8
t 7 1 13
t 7 2 15
t 7 3 18
t 7 4 19
t 8 0 9
t 8 1 11
t 8 2 9
t 8 3 12
t 8 4 9
t 9 0 10
t 9 1 10
t 9 2 10
t 9 3 10
t 9 4 10
t 11 2 10
t 11 3 10
t 11 4 10
t 12 1 10
t 12 2 10
t 12 4 10
t 13 2 9
t 13 3 14
t 13 4 9
t 14 2 10
t 14 4 10
t 15 0 9
t 15 1 16
t 15 2 9
t 15 3 17
t 15 4 9
t 16 0 10
t 16 2 10
t 16 3 10
t 16 4 10
t 17 1 10
t 17 4 10
t 18 1 14
t 18 2 12
t 18 4 9
t 19 0 9
t 19 1 16
t 19 2 9
t 19 3 20
t 19 4 9
t 20 0 10
t 20 1 10
t 20 2 10
t 20 4 10
t 21 2 22
t 21 3 24
t 21 4 19
t 22 0 9
t 22 1 16
t 22 2 9
t 22 3 23
t 22 4 9
t 23 4 10
t 24 2 14
t 24 4 9
t 25 0 26
t 25 1 27
t 25 2 15
t 25 3 28
t 25 4 19
t 26 0 9
t 26 1 11
t 26 2 9
t 26 3 17
t 26 4 9
t 27 0 16
t 27 2 9
t 27 3 23
t 27 4 9
t 28 1 23
t 28 4 9
t 29 1 30
t 29 2 18
t 29 4 19
t 30 2 12
t 30 4 9
t 31 0 8
t 31 1 32
t 31 2 34
t 31 3 36
t 31 4 19
t 32 0 16
t 32 2 9
t 32 3 33
t 32 4 9
t 33 0 10
t 33 2 10
t 33 4 10
t 34 0 9
t 34 1 16
t 34 2 9
t 34 3 35
t 34 4 9
t 35 0 10
t 35 1 10
t 35 4 10
t 36 0 20
t 36 1 33
t 36 2 20
t 36 4 9
t 37 2 38
t 37 3 41
t 37 4 31
t 38 0 39
t 38 1 27
t 38 2 22
t 38 3 40
t 38 4 19
t 39 0 9
t 39 1 11
t 39 2 9
t 39 3 23
t 39 4 9
t 40 4 9
t 41 2 24
t 41 4 19
t 42 0 43
t 42 1 45
t 42 2 25
t 42 3 46
t 42 4 31
t 43 0 26
t 43 1 44
t 43 2 15
t 43 3 28
t 43 4 19
t 44 2 9
t 44 3 23
t 44 4 9
t 45 0 27
t 45 2 22
t 45 3 40
t 45 4 19
t 46 1 40
t 46 4 19
t 47 1 48
t 47 2 29
t 47 4 31
t 48 2 18
t 48 4 19
t 49 0 7
t 49 1 50
t 49 2 55
t 49 3 58
t 49 4 31
t 50 0 51
t 50 2 52
t 50 3 54
t 50 4 19
t 51 0 16
t 51 2 9
t 51 3 14
t 51 4 9
t 52 0 9
t 52 1 16
t 52 2 9
t 52 3 53
t 52 4 9
t 53 0 10
t 53 4 10
t 54 0 33
t 54 2 33
t 54 4 9
t 55 0 26
t 55 1 56
t 55 2 34
t 55 3 57
t 55 4 19
t 56 0 16
t 56 2 9
t 56 3 53
t 56 4 9
t 57 0 35
t 57 1 53
t 57 4 9
t 58 0 59
t 58 1 60
t 58 2 36
t 58 4 19
t 59 0 20
t 59 1 14
t 59 2 20
t 59 4 9
t 60 0 33
t 60 2 20
t 60 4 9
t 61 2 62
t 61 3 65
t 61 4 49
t 62 0 63
t 62 1 45
t 62 2 38
t 62 3 64
t 62 4 31
t 63 0 39
t 63 1 44
t 63 2 22
t 63 3 40
t 63 4 19
t 64 4 19
t 65 2 41
t 65 4 31
t 66 0 67
t 66 1 69
t 66 2 42
t 66 3 70
t 66 4 49
t 67 0 43
t 67 1 68
t 67 2 25
t 67 3 46
t 67 4 31
t 68 2 22
t 68 3 40
t 68 4 19
t 69 0 45
t 69 2 38
t 69 3 64
t 69 4 31
t 70 1 64
t 70 4 31
t 71 1 72
t 71 2 47
t 71 4 49
t 72 2 29
t 72 4 31
t 73 0 6
t 73 1 74
t 73 2 79
t 73 3 83
t 73 4 49
t 74 0 75
t 74 2 76
t 74 3 78
t 74 4 31
t 75 0 51
t 75 2 22
t 75 3 24
t 75 4 19
t 76 0 39
t 76 1 56
t 76 2 52
t 76 3 77
t 76 4 19
t 77 0 53
t 77 4 9
t 78 0 54
t 78 2 54
t 78 4 19
t 79 0 43
t 79 1 80
t 79 2 55
t 79 3 81
t 79 4 31
t 80 0 27
t 80 2 52
t 80 3 77
t 80 4 19
t 81 0 82
t 81 1 77
t 81 4 19
t 82 0 35
t 82 1 23
t 82 4 9
t 83 0 84
t 83 1 86
t 83 2 58
t 83 4 31
t 84 0 59
t 84 1 85
t 84 2 36
t 84 4 19
t 85 2 20
t 85 4 9
t 86 0 60
t 86 2 36
t 86 4 19
t 87 2 88
t 87 3 91
t 87 4 73
t 88 0 89
t 88 1 69
t 88 2 62
t 88 3 90
t 88 4 49
t 89 0 63
t 89 1 68
t 89 2 38
t 89 3 64
t 89 4 31
t 90 4 31
t 91 2 65
t 91 4 49
t 92 0 93
t 92 1 95
t 92 2 66
t 92 3 96
t 92 4 73
t 93 0 67
t 93 1 94
t 93 2 42
t 93 3 70
t 93 4 49
t 94 2 38
t 94 3 64
t 94 4 31
t 95 0 69
t 95 2 62
t 95 3 90
t 95 4 49
t 96 1 90
t 96 4 49
t 97 1 98
t 97 2 71
t 97 4 73
t 98 2 47
t 98 4 49
t 99 0 5
t 99 1 100
t 99 2 105
t 99 3 109
t 99 4 73
t 100 0 101
t 100 2 102
t 100 3 104
t 100 4 49
t 101 0 75
t 101 2 38
t 101 3 41
t 101 4 31
t 102 0 63
t 102 1 80
t 102 2 76
t 102 3 103
t 102 4 31
t 103 0 77
t 103 4 19
t 104 0 78
t 104 2 78
t 104 4 31
t 105 0 67
t 105 1 106
t 105 2 79
t 105 3 107
t 105 4 49
t 106 0 45
t 106 2 76
t 106 3 103
t 106 4 31
t 107 0 108
t 107 1 103
t 107 4 31
t 108 0 82
t 108 1 40
t 108 4 19
t 109 0 110
t 109 1 112
t 109 2 83
t 109 4 49
t 110 0 84
t 110 1 111
t 110 2 58
t 110 4 31
t 111 2 36
t 111 4 19
t 112 0 86
t 112 2 58
t 112 4 31
t 113 2 114
t 113 3 117
t 113 4 99
t 114 0 115
t 114 1 95
t 114 2 88
t 114 3 116
t 114 4 73
t 115 0 89
t 115 1 94
t 115 2 62
t 115 3 90
t 115 4 49
t 116 4 49
t 117 2 91
t 117 4 73
t 118 0 119
t 118 1 121
t 118 2 92
t 118 3 122
t 118 4 99
t 119 0 93
t 119 1 120
t 119 2 66
t 119 3 96
t 119 4 73
t 120 2 62
t 120 3 90
t 120 4 49
t 121 0 95
t 121 2 88
t 121 3 116
t 121 4 73
t 122 1 116
t 122 4 73
t 123 1 124
t 123 2 97
t 123 4 99
t 124 2 71
t 124 4 73
t 125 0 4
t 125 1 126
t 125 2 131
t 125 3 135
t 125 4 99
t 126 0 127
t 126 2 128
t 126 3 130
t 126 4 73
t 127 0 101
t 127 2 62
t 127 3 65
t 127 4 49
t 128 0 89
t 128 1 106
t 128 2 102
t 128 3 129
t 128 4 49
t 129 0 103
t 129 4 31
t 130 0 104
t 130 2 104
t 130 4 49
t 131 0 93
t 131 1 132
t 131 2 105
t 131 3 133
t 131 4 73
t 132 0 69
t 132 2 102
t 132 3 129
t 132 4 49
t 133 0 134
t 133 1 129
t 133 4 49
t 134 0 108
t 134 1 64
t 134 4 31
t 135 0 136
t 135 1 138
t 135 2 109
t 135 4 73
t 136 0 110
t 136 1 137
t 136 2 83
t 136 4 49
t 137 2 58
t 137 4 31
t 138 0 112
t 138 2 83
t 138 4 49
t 139 0 140
t 139 1 226
t 139 2 228
t 139 3 237
t 139 4 247
t 140 1 141
t 140 2 207
t 140 3 214
t 140 4 224
t 141 0 142
t 141 1 186
t 141 2 188
t 141 3 195
t 141 4 205
t 142 1 143
t 142 2 170
t 142 3 175
t 142 4 184
t 143 0 144
t 143 1 157
t 143 2 159
t 143 3 162
t 143 4 168
t 144 1 145
t 144 2 151
t 144 3 153
t 144 4 156
t 145 0 146
t 145 1 148
t 145 2 149
t 145 3 148
t 145 4 150
t 146 1 147
t 146 2 147
t 146 3 147
t 146 4 147
t 148 0 147
t 148 1 147
t 148 2 147
t 148 3 147
t 148 4 147
t 149 3 147
t 149 4 147
t 150 2 147
t 150 3 147
t 151 3 148
t 151 4 152
t 152 3 147
t 153 0 146
t 153 1 148
t 153 2 154
t 153 3 148
t 153 4 155
t 154 0 147
t 154 1 147
t 154 3 147
t 154 4 147
t 155 2 147
t 156 2 152
t 156 3 150
t 157 0 158
t 157 1 145
t 157 2 151
t 157 3 153
t 157 4 156
t 158 1 148
t 158 2 149
t 158 3 148
t 158 4 150
t 159 3 160
t 159 4 161
t 160 0 146
t 160 1 148
t 160 2 154
t 160 3 148
t 161 3 152
t 162 0 163
t 162 1 165
t 162 2 167
t 162 3 153
t 163 1 148
t 163 2 164
t 163 3 148
t 163 4 155
t 164 1 147
t 164 3 147
t 164 4 147
t 165 0 146
t 165 1 148
t 165 2 166
t 165 3 148
t 165 4 155
t 166 0 147
t 166 3 147
t 166 4 147
t 167 0 164
t 167 1 154
t 167 3 148
t 168 2 169
t 168 3 156
t 169 3 150
t 170 3 171
t 170 4 174
t 171 0 172
t 171 1 173
t 171 2 167
t 171 3 160
t 172 1 148
t 172 2 164
t 172 3 148
t 173 0 146
t 173 1 148
t 173 2 166
t 173 3 148
t 174 3 161
t 175 0 176
t 175 1 179
t 175 2 182
t 175 3 162
t 176 1 177
t 176 2 178
t 176 3 153
t 177 0 146
t 177 1 148
t 177 2 149
t 177 3 148
t 177 4 155
t 178 1 164
t 178 3 148
t 179 0 180
t 179 1 165
t 179 2 181
t 179 3 153
t 180 1 148
t 180 2 149
t 180 3 148
t 180 4 155
t 181 0 149
t 181 3 148
t 182 0 183
t 182 1 167
t 182 3 160
t 183 1 154
t 183 3 148
t 184 2 185
t 184 3 168
t 185 3 156
t 186 0 187
t 186 1 143
t 186 2 170
t 186 3 175
t 186 4 184
t 187 1 157
t 187 2 159
t 187 3 162
t 187 4 168
t 188 3 189
t 188 4 194
t 189 0 190
t 189 1 192
t 189 2 182
t 189 3 171
t 190 1 191
t 190 2 178
t 190 3 160
t 191 0 146
t 191 1 148
t 191 2 149
t 191 3 148
t 192 0 193
t 192 1 173
t 192 2 181
t 192 3 160
t 193 1 148
t 193 2 149
t 193 3 148
t 194 3 174
t 195 0 196
t 195 1 200
t 195 2 203
t 195 3 175
t 196 1 197
t 196 2 199
t 196 3 162
t 197 0 180
t 197 1 177
t 197 2 198
t 197 3 153
t 198 3 148
t 199 1 178
t 199 3 160
t 200 0 201
t 200 1 179
t 200 2 202
t 200 3 162
t 201 1 177
t 201 2 198
t 201 3 153
t 202 0 198
t 202 3 160
t 203 0 204
t 203 1 182
t 203 3 171
t 204 1 167
t 204 3 160
t 205 2 206
t 205 3 184
t 206 3 168
t 207 3 208
t 207 4 213
t 208 0 209
t 208 1 211
t 208 2 203
t 208 3 189
t 209 1 210
t 209 2 199
t 209 3 171
t 210 0 193
t 210 1 191
t 210 2 198
t 210 3 160
t 211 0 212
t 211 1 192
t 211 2 202
t 211 3 171
t 212 1 191
t 212 2 198
t 212 3 160
t 213 3 194
t 214 0 215
t 214 1 219
t 214 2 222
t 214 3 195
t 215 1 216
t 215 2 218
t 215 3 175
t 216 0 201
t 216 1 197
t 216 2 217
t 216 3 162
t 217 3 160
t 218 1 199
t 218 3 171
t 219 0 220
t 219 1 200
t 219 2 221
t 219 3 175
t 220 1 197
t 220 2 217
t 220 3 162
t 221 0 217
t 221 3 171
t 222 0 223
t 222 1 203
t 222 3 189
t 223 1 182
t 223 3 171
t 224 2 225
t 224 3 205
t 225 3 184
t 226 0 227
t 226 1 141
t 226 2 207
t 226 3 214
t 226 4 224
t 227 1 186
t 227 2 188
t 227 3 195
t 227 4 205
t 228 0 229
t 228 1 121
t 228 2 114
t 228 3 230
t 228 4 235
t 229 0 115
t 229 1 120
t 229 2 88
t 229 3 116
t 229 4 73
t 230 0 231
t 230 1 233
t 230 2 222
t 230 3 208
t 230 4 73
t 231 1 232
t 231 2 218
t 231 3 189
t 232 0 212
t 232 1 210
t 232 2 217
t 232 3 171
t 233 0 234
t 233 1 211
t 233 2 221
t 233 3 189
t 234 1 210
t 234 2 217
t 234 3 171
t 235 0 5
t 235 1 100
t 235 2 105
t 235 3 236
t 235 4 73
t 236 0 110
t 236 1 112
t 236 2 83
t 236 3 194
t 236 4 49
t 237 0 238
t 237 1 242
t 237 2 245
t 237 3 214
t 237 4 99
t 238 1 239
t 238 2 241
t 238 3 195
t 239 0 220
t 239 1 216
t 239 2 240
t 239 3 175
t 240 3 171
t 241 1 218
t 241 3 189
t 242 0 243
t 242 1 219
t 242 2 244
t 242 3 195
t 243 1 216
t 243 2 240
t 243 3 175
t 244 0 240
t 244 3 189
t 245 0 246
t 245 1 222
t 245 2 91
t 245 3 208
t 245 4 73
t 246 1 203
t 246 3 189
t 247 0 4
t 247 1 126
t 247 2 248
t 247 3 250
t 247 4 99
t 248 0 93
t 248 1 132
t 248 2 105
t 248 3 249
t 248 4 73
t 249 0 134
t 249 1 129
t 249 2 206
t 249 3 184
t 249 4 49
t 250 0 136
t 250 1 138
t 250 2 251
t 250 3 205
t 250 4 73
t 251 0 110
t 251 1 112
t 251 2 83
t 251 3 184
t 251 4 49
t 252 0 253
t 252 1 255
t 252 2 118
t 252 3 261
t 252 4 295
t 253 0 119
t 253 1 254
t 253 2 92
t 253 3 122
t 253 4 99
t 254 2 88
t 254 3 116
t 254 4 73
t 255 0 121
t 255 1 256
t 255 2 114
t 255 3 230
t 255 4 235
t 256 1 257
t 256 3 208
t 256 4 213
t 257 1 258
t 257 3 189
t 257 4 194
t 258 1 259
t 258 3 171
t 258 4 174
t 259 1 260
t 259 3 160
t 259 4 161
t 260 1 164
t 260 3 148
t 260 4 152
t 261 0 262
t 261 1 284
t 261 2 286
t 261 3 288
t 261 4 293
t 262 1 263
t 262 2 264
t 262 3 278
t 262 4 283
t 263 0 234
t 263 1 232
t 263 2 240
t 263 3 189
t 264 1 218
t 264 3 265
t 264 4 277
t 265 0 266
t 265 1 192
t 265 2 271
t 265 3 273
t 265 4 276
t 266 1 191
t 266 2 267
t 266 3 269
t 266 4 270
t 267 1 164
t 267 3 148
t 267 4 268
t 268 1 147
t 269 0 146
t 269 1 148
t 269 2 154
t 269 3 148
t 269 4 268
t 270 1 268
t 271 0 272
t 271 1 167
t 271 3 269
t 271 4 270
t 272 1 154
t 272 3 148
t 272 4 268
t 273 0 274
t 273 1 173
t 273 2 275
t 273 3 269
t 273 4 270
t 274 1 148
t 274 2 164
t 274 3 148
t 274 4 268
t 275 0 164
t 275 1 154
t 275 3 148
t 275 4 268
t 276 1 270
t 277 1 276
t 278 0 279
t 278 1 211
t 278 2 281
t 278 3 265
t 278 4 277
t 279 1 210
t 279 2 280
t 279 3 273
t 279 4 276
t 280 1 178
t 280 3 269
t 280 4 270
t 281 0 282
t 281 1 182
t 281 3 273
t 281 4 276
t 282 1 167
t 282 3 269
t 282 4 270
t 283 1 277
t 284 0 285
t 284 1 233
t 284 2 244
t 284 3 208
t 284 4 73
t 285 1 232
t 285 2 240
t 285 3 189
t 286 0 287
t 286 1 222
t 286 3 278
t 286 4 283
t 287 1 203
t 287 3 265
t 287 4 277
t 288 0 289
t 288 1 233
t 288 2 291
t 288 3 278
t 288 4 283
t 289 1 232
t 289 2 290
t 289 3 265
t 289 4 277
t 290 1 199
t 290 3 273
t 290 4 276
t 291 0 292
t 291 1 203
t 291 3 265
t 291 4 277
t 292 1 182
t 292 3 273
t 292 4 276
t 293 0 5
t 293 1 294
t 293 2 105
t 293 3 109
t 293 4 73
t 294 0 101
t 294 1 277
t 294 2 102
t 294 3 104
t 294 4 49
t 295 0 4
t 295 1 296
t 295 2 131
t 295 3 303
t 295 4 99
t 296 0 127
t 296 1 297
t 296 2 128
t 296 3 302
t 296 4 73
t 297 1 298
t 297 3 298
t 298 1 299
t 298 3 299
t 299 1 300
t 299 3 300
t 300 1 301
t 300 3 301
t 301 1 147
t 301 3 147
t 302 0 104
t 302 1 298
t 302 2 104
t 302 3 298
t 302 4 49
t 303 0 136
t 303 1 304
t 303 2 109
t 303 3 297
t 303 4 73
t 304 0 112
t 304 1 298
t 304 2 83
t 304 3 298
t 304 4 49
t 305 0 306
t 305 1 329
t 305 2 332
t 305 3 335
t 305 4 337
t 306 1 307
t 306 2 309
t 306 3 310
t 306 4 327
t 307 0 243
t 307 1 239
t 307 2 308
t 307 3 195
t 308 3 189
t 309 1 241
t 309 3 278
t 309 4 283
t 310 0 311
t 310 1 219
t 310 2 291
t 310 3 323
t 310 4 325
t 311 1 216
t 311 2 290
t 311 3 312
t 311 4 321
t 312 0 313
t 312 1 179
t 312 2 271
t 312 3 317
t 312 4 319
t 313 1 177
t 313 2 267
t 313 3 314
t 313 4 316
t 314 0 146
t 314 1 148
t 314 2 154
t 314 3 148
t 314 4 315
t 315 1 147
t 315 2 147
t 316 1 315
t 316 2 268
t 317 0 318
t 317 1 165
t 317 2 275
t 317 3 314
t 317 4 316
t 318 1 148
t 318 2 164
t 318 3 148
t 318 4 315
t 319 1 320
t 319 2 270
t 320 1 315
t 321 1 322
t 321 2 276
t 322 1 320
t 323 0 324
t 323 1 200
t 323 2 281
t 323 3 312
t 323 4 321
t 324 1 197
t 324 2 280
t 324 3 317
t 324 4 319
t 325 1 326
t 325 2 277
t 326 1 322
t 327 1 328
t 327 2 283
t 328 1 326
t 329 0 330
t 329 1 242
t 329 2 331
t 329 3 214
t 329 4 99
t 330 1 239
t 330 2 308
t 330 3 195
t 331 0 308
t 331 1 98
t 331 2 71
t 331 3 208
t 331 4 73
t 332 0 333
t 332 1 334
t 332 2 97
t 332 3 288
t 332 4 293
t 333 1 222
t 333 3 278
t 333 4 283
t 334 0 246
t 334 1 222
t 334 2 71
t 334 3 208
t 334 4 73
t 335 0 336
t 335 1 242
t 335 2 286
t 335 3 310
t 335 4 327
t 336 1 239
t 336 2 264
t 336 3 323
t 336 4 325
t 337 0 4
t 337 1 338
t 337 2 339
t 337 3 135
t 337 4 99
t 338 0 127
t 338 1 328
t 338 2 128
t 338 3 130
t 338 4 73
t 339 0 93
t 339 1 340
t 339 2 105
t 339 3 133
t 339 4 73
t 340 0 69
t 340 1 277
t 340 2 102
t 340 3 129
t 340 4 49
t 341 0 3
t 341 1 342
t 341 2 365
t 341 3 371
t 341 4 125
t 342 0 343
t 342 1 344
t 342 2 361
t 342 3 363
t 342 4 99
t 343 0 127
t 343 2 88
t 343 3 91
t 343 4 73
t 344 1 345
t 344 2 358
t 344 3 359
t 345 1 346
t 345 2 355
t 345 3 356
t 346 1 347
t 346 2 352
t 346 3 353
t 347 1 348
t 347 2 350
t 347 3 351
t 348 1 349
t 348 2 152
t 348 3 349
t 349 1 147
t 349 2 147
t 349 3 147
t 350 3 349
t 351 1 349
t 351 2 301
t 351 3 349
t 352 3 351
t 353 1 348
t 353 2 354
t 353 3 351
t 354 1 301
t 354 3 349
t 355 3 353
t 356 1 347
t 356 2 357
t 356 3 353
t 357 1 354
t 357 3 351
t 358 3 356
t 359 1 346
t 359 2 360
t 359 3 356
t 360 1 357
t 360 3 353
t 361 0 115
t 361 1 132
t 361 2 128
t 361 3 362
t 361 4 73
t 362 0 129
t 362 1 346
t 362 2 360
t 362 3 356
t 362 4 49
t 363 0 130
t 363 1 345
t 363 2 364
t 363 3 359
t 363 4 73
t 364 0 104
t 364 1 360
t 364 2 104
t 364 3 356
t 364 4 49
t 365 0 119
t 365 1 366
t 365 2 131
t 365 3 368
t 365 4 99
t 366 0 95
t 366 1 367
t 366 2 128
t 366 3 362
t 366 4 73
t 367 1 360
t 367 3 356
t 368 0 369
t 368 1 370
t 368 2 367
t 368 3 359
t 368 4 73
t 369 0 134
t 369 1 90
t 369 4 49
t 370 0 129
t 370 1 346
t 370 2 355
t 370 3 356
t 370 4 49
t 371 0 372
t 371 1 374
t 371 2 376
t 371 3 378
t 371 4 99
t 372 0 136
t 372 1 373
t 372 2 109
t 372 4 73
t 373 2 83
t 373 4 49
t 374 0 138
t 374 1 345
t 374 2 375
t 374 3 359
t 374 4 73
t 375 0 110
t 375 1 112
t 375 2 83
t 375 3 356
t 375 4 49
t 376 0 136
t 376 1 377
t 376 2 109
t 376 3 359
t 376 4 73
t 377 0 112
t 377 1 360
t 377 2 83
t 377 3 356
t 377 4 49
t 378 1 345
t 378 2 367
t 378 3 359
t 379 0 380
t 379 1 382
t 379 2 458
t 379 3 474
t 379 4 482
t 380 0 381
t 380 1 226
t 380 2 228
t 380 3 237
t 380 4 247
t 381 0 343
t 381 2 114
t 381 3 117
t 381 4 99
t 382 0 140
t 382 1 383
t 382 2 445
t 382 3 450
t 382 4 454
t 383 0 227
t 383 1 384
t 383 2 432
t 383 3 437
t 383 4 441
t 384 0 142
t 384 1 385
t 384 2 419
t 384 3 424
t 384 4 428
t 385 0 187
t 385 1 386
t 385 2 406
t 385 3 411
t 385 4 415
t 386 0 144
t 386 1 387
t 386 2 395
t 386 3 399
t 386 4 403
t 387 0 158
t 387 1 388
t 387 2 390
t 387 3 392
t 387 4 394
t 388 0 146
t 388 1 148
t 388 2 166
t 388 3 148
t 388 4 389
t 389 0 147
t 389 2 147
t 389 3 147
t 390 0 149
t 390 3 148
t 390 4 391
t 391 0 147
t 391 3 147
t 392 0 146
t 392 1 148
t 392 2 154
t 392 3 148
t 392 4 393
t 393 0 147
t 393 2 147
t 394 0 150
t 394 2 391
t 394 3 389
t 395 0 151
t 395 3 396
t 395 4 398
t 396 0 146
t 396 1 148
t 396 2 154
t 396 3 148
t 396 4 397
t 397 0 147
t 398 0 152
t 398 3 391
t 399 0 163
t 399 1 400
t 399 2 401
t 399 3 392
t 399 4 402
t 400 0 146
t 400 1 148
t 400 2 166
t 400 3 148
t 400 4 393
t 401 0 164
t 401 1 154
t 401 3 148
t 401 4 397
t 402 0 155
t 402 2 397
t 403 0 404
t 403 2 405
t 403 3 394
t 404 2 152
t 404 3 389
t 405 0 152
t 405 3 389
t 406 0 159
t 406 3 407
t 406 4 409
t 407 0 172
t 407 1 408
t 407 2 401
t 407 3 396
t 408 0 146
t 408 1 148
t 408 2 166
t 408 3 148
t 408 4 397
t 409 0 410
t 409 3 398
t 410 3 391
t 411 0 176
t 411 1 412
t 411 2 414
t 411 3 399
t 412 0 180
t 412 1 400
t 412 2 413
t 412 3 392
t 412 4 402
t 413 0 149
t 413 3 148
t 413 4 397
t 414 0 183
t 414 1 401
t 414 3 396
t 415 0 416
t 415 2 418
t 415 3 403
t 416 2 417
t 416 3 394
t 417 3 389
t 418 0 417
t 418 3 394
t 419 0 170
t 419 3 420
t 419 4 422
t 420 0 190
t 420 1 421
t 420 2 414
t 420 3 407
t 421 0 193
t 421 1 408
t 421 2 413
t 421 3 396
t 422 0 423
t 422 3 409
t 423 3 398
t 424 0 196
t 424 1 425
t 424 2 427
t 424 3 411
t 425 0 201
t 425 1 412
t 425 2 426
t 425 3 399
t 426 0 198
t 426 3 396
t 427 0 204
t 427 1 414
t 427 3 407
t 428 0 429
t 428 2 431
t 428 3 415
t 429 2 430
t 429 3 403
t 430 3 394
t 431 0 430
t 431 3 403
t 432 0 188
t 432 3 433
t 432 4 435
t 433 0 209
t 433 1 434
t 433 2 427
t 433 3 420
t 434 0 212
t 434 1 421
t 434 2 426
t 434 3 407
t 435 0 436
t 435 3 422
t 436 3 409
t 437 0 215
t 437 1 438
t 437 2 440
t 437 3 424
t 438 0 220
t 438 1 425
t 438 2 439
t 438 3 411
t 439 0 217
t 439 3 407
t 440 0 223
t 440 1 427
t 440 3 420
t 441 0 442
t 441 2 444
t 441 3 428
t 442 2 443
t 442 3 415
t 443 3 403
t 444 0 443
t 444 3 415
t 445 0 207
t 445 3 446
t 445 4 448
t 446 0 231
t 446 1 447
t 446 2 440
t 446 3 433
t 447 0 234
t 447 1 434
t 447 2 439
t 447 3 420
t 448 0 449
t 448 3 435
t 449 3 422
t 450 0 238
t 450 1 451
t 450 2 453
t 450 3 437
t 451 0 243
t 451 1 438
t 451 2 452
t 451 3 424
t 452 0 240
t 452 3 420
t 453 0 246
t 453 1 440
t 453 3 433
t 454 0 455
t 454 2 457
t 454 3 441
t 455 2 456
t 455 3 428
t 456 3 415
t 457 0 456
t 457 3 428
t 458 0 459
t 458 1 460
t 458 2 464
t 458 3 466
t 458 4 469
t 459 0 229
t 459 1 254
t 459 2 114
t 459 3 230
t 459 4 235
t 460 0 121
t 460 2 461
t 460 3 463
t 460 4 99
t 461 0 115
t 461 1 132
t 461 2 128
t 461 3 462
t 461 4 73
t 462 0 129
t 462 4 49
t 463 0 462
t 463 4 73
t 464 0 229
t 464 1 465
t 464 2 461
t 464 3 463
t 464 4 99
t 465 0 95
t 465 2 128
t 465 3 462
t 465 4 73
t 466 0 467
t 466 1 468
t 466 2 453
t 466 3 446
t 466 4 99
t 467 0 462
t 467 1 263
t 467 2 241
t 467 3 208
t 467 4 73
t 468 0 285
t 468 1 447
t 468 2 452
t 468 3 433
t 469 0 470
t 469 1 126
t 469 2 131
t 469 3 472
t 469 4 99
t 470 0 5
t 470 1 61
t 470 2 66
t 470 3 471
t 470 4 73
t 471 0 436
t 471 1 72
t 471 2 47
t 471 3 422
t 471 4 49
t 472 0 473
t 472 1 138
t 472 2 109
t 472 3 435
t 472 4 73
t 473 0 110
t 473 1 137
t 473 2 83
t 473 3 422
t 473 4 49
t 474 0 475
t 474 1 478
t 474 2 480
t 474 3 450
t 474 4 125
t 475 0 476
t 475 1 307
t 475 2 477
t 475 3 214
t 475 4 99
t 476 0 130
t 476 2 130
t 476 4 73
t 477 0 130
t 477 1 241
t 477 2 130
t 477 3 208
t 477 4 73
t 478 0 330
t 478 1 451
t 478 2 479
t 478 3 437
t 479 0 308
t 479 3 433
t 480 0 481
t 480 1 453
t 480 2 476
t 480 3 446
t 480 4 99
t 481 0 130
t 481 1 222
t 481 2 130
t 481 3 208
t 481 4 73
t 482 0 483
t 482 1 488
t 482 2 489
t 482 3 493
t 482 4 125
t 483 0 4
t 483 1 87
t 483 2 484
t 483 3 486
t 483 4 99
t 484 0 93
t 484 1 95
t 484 2 66
t 484 3 485
t 484 4 73
t 485 0 429
t 485 1 90
t 485 2 431
t 485 3 415
t 485 4 49
t 486 0 442
t 486 1 98
t 486 2 487
t 486 3 428
t 486 4 73
t 487 0 443
t 487 1 72
t 487 2 47
t 487 3 415
t 487 4 49
t 488 0 343
t 488 2 461
t 488 3 476
t 488 4 99
t 489 0 490
t 489 1 465
t 489 2 131
t 489 3 491
t 489 4 99
t 490 0 93
t 490 1 120
t 490 2 66
t 490 3 485
t 490 4 73
t 491 0 492
t 491 1 462
t 491 2 444
t 491 3 428
t 491 4 73
t 492 0 134
t 492 1 90
t 492 2 443
t 492 3 415
t 492 4 49
t 493 0 494
t 493 1 496
t 493 2 497
t 493 3 441
t 493 4 99
t 494 0 136
t 494 1 373
t 494 2 495
t 494 3 428
t 494 4 73
t 495 0 110
t 495 1 112
t 495 2 83
t 495 3 415
t 495 4 49
t 496 0 138
t 496 2 109
t 496 4 73
t 497 0 498
t 497 1 138
t 497 2 109
t 497 3 428
t 497 4 73
t 498 0 110
t 498 1 137
t 498 2 83
t 498 3 415
t 498 4 49
t 499 0 500
t 499 1 512
t 499 2 520
t 499 3 525
t 499 4 557
t 500 0 253
t 500 1 501
t 500 2 118
t 500 3 261
t 500 4 295
t 501 0 502
t 501 1 510
t 501 2 114
t 501 3 230
t 501 4 235
t 502 1 503
t 502 3 208
t 502 4 213
t 503 0 504
t 503 1 508
t 503 3 189
t 503 4 194
t 504 1 505
t 504 3 171
t 504 4 174
t 505 0 506
t 505 1 507
t 505 3 160
t 505 4 161
t 506 1 154
t 506 3 148
t 506 4 152
t 507 0 164
t 507 1 154
t 507 3 148
t 507 4 152
t 508 0 509
t 508 1 505
t 508 3 171
t 508 4 174
t 509 1 507
t 509 3 160
t 509 4 161
t 510 0 511
t 510 1 503
t 510 3 208
t 510 4 213
t 511 1 508
t 511 3 189
t 511 4 194
t 512 0 513
t 512 1 514
t 512 2 464
t 512 3 466
t 512 4 469
t 513 0 121
t 513 1 510
t 513 2 114
t 513 3 230
t 513 4 235
t 514 0 502
t 514 1 515
t 514 3 446
t 514 4 448
t 515 0 511
t 515 1 516
t 515 3 433
t 515 4 435
t 516 0 504
t 516 1 517
t 516 3 420
t 516 4 422
t 517 0 509
t 517 1 518
t 517 3 407
t 517 4 409
t 518 0 506
t 518 1 519
t 518 3 396
t 518 4 398
t 519 0 164
t 519 1 154
t 519 3 148
t 519 4 391
t 520 0 253
t 520 1 460
t 520 2 521
t 520 3 523
t 520 4 125
t 521 0 119
t 521 1 465
t 521 2 131
t 521 3 522
t 521 4 99
t 522 0 369
t 522 1 462
t 522 4 73
t 523 0 524
t 523 1 463
t 523 4 99
t 524 0 369
t 524 1 116
t 524 4 73
t 525 0 526
t 525 1 528
t 525 2 530
t 525 3 550
t 525 4 552
t 526 0 524
t 526 1 527
t 526 2 309
t 526 3 288
t 526 4 293
t 527 0 285
t 527 1 263
t 527 2 308
t 527 3 208
t 527 4 73
t 528 0 529
t 528 1 468
t 528 2 479
t 528 3 446
t 528 4 99
t 529 0 462
t 529 1 263
t 529 2 308
t 529 3 208
t 529 4 73
t 530 0 333
t 530 1 453
t 530 3 531
t 530 4 548
t 531 0 289
t 531 1 447
t 531 2 532
t 531 3 544
t 531 4 546
t 532 0 292
t 532 1 427
t 532 3 533
t 532 4 542
t 533 0 266
t 533 1 421
t 533 2 534
t 533 3 538
t 533 4 540
t 534 0 272
t 534 1 401
t 534 3 535
t 534 4 537
t 535 0 146
t 535 1 148
t 535 2 154
t 535 3 148
t 535 4 536
t 536 0 147
t 536 1 147
t 537 0 268
t 537 1 536
t 538 0 274
t 538 1 408
t 538 2 539
t 538 3 535
t 538 4 537
t 539 0 164
t 539 1 154
t 539 3 148
t 539 4 536
t 540 0 541
t 540 1 537
t 541 1 536
t 542 0 543
t 542 1 540
t 543 1 537
t 544 0 279
t 544 1 434
t 544 2 545
t 544 3 533
t 544 4 542
t 545 0 282
t 545 1 414
t 545 3 538
t 545 4 540
t 546 0 547
t 546 1 542
t 547 1 540
t 548 0 549
t 548 1 546
t 549 1 542
t 550 0 262
t 550 1 468
t 550 2 551
t 550 3 531
t 550 4 548
t 551 0 287
t 551 1 440
t 551 3 544
t 551 4 546
t 552 0 553
t 552 1 555
t 552 2 131
t 552 3 135
t 552 4 99
t 553 0 5
t 553 1 554
t 553 2 66
t 553 3 71
t 553 4 73
t 554 0 547
t 554 1 542
t 554 2 62
t 554 3 65
t 554 4 49
t 555 0 556
t 555 1 546
t 555 2 128
t 555 3 130
t 555 4 73
t 556 0 101
t 556 1 542
t 556 2 62
t 556 3 65
t 556 4 49
t 557 0 558
t 557 1 572
t 557 2 521
t 557 3 577
t 557 4 125
t 558 0 4
t 558 1 559
t 558 2 92
t 558 3 570
t 558 4 99
t 559 0 560
t 559 1 567
t 559 2 88
t 559 3 569
t 559 4 73
t 560 1 561
t 560 3 561
t 561 0 562
t 561 1 565
t 561 3 565
t 562 1 563
t 562 3 563
t 563 0 301
t 563 1 564
t 563 3 564
t 564 0 147
t 564 1 147
t 564 3 147
t 565 0 566
t 565 1 563
t 565 3 563
t 566 1 564
t 566 3 564
t 567 0 568
t 567 1 561
t 567 3 561
t 568 1 565
t 568 3 565
t 569 0 568
t 569 1 561
t 569 2 65
t 569 3 561
t 569 4 49
t 570 0 560
t 570 1 571
t 570 2 71
t 570 3 567
t 570 4 73
t 571 0 568
t 571 1 561
t 571 2 47
t 571 3 561
t 571 4 49
t 572 0 573
t 572 1 574
t 572 2 461
t 572 3 575
t 572 4 99
t 573 0 127
t 573 1 567
t 573 2 88
t 573 3 569
t 573 4 73
t 574 0 560
t 574 1 567
t 574 3 567
t 575 0 576
t 575 1 567
t 575 2 130
t 575 3 567
t 575 4 73
t 576 0 104
t 576 1 561
t 576 2 104
t 576 3 561
t 576 4 49
t 577 0 578
t 577 1 580
t 577 2 135
t 577 3 574
t 577 4 99
t 578 0 136
t 578 1 579
t 578 2 109
t 578 3 567
t 578 4 73
t 579 0 568
t 579 1 561
t 579 2 83
t 579 3 561
t 579 4 49
t 580 0 581
t 580 1 567
t 580 2 109
t 580 3 567
t 580 4 73
t 581 0 112
t 581 1 561
t 581 2 83
t 581 3 561
t 581 4 49
t 582 0 583
t 582 1 590
t 582 2 594
t 582 3 600
t 582 4 632
t 583 0 584
t 583 1 586
t 583 2 588
t 583 3 335
t 583 4 337
t 584 0 372
t 584 1 585
t 584 2 135
t 584 4 99
t 585 2 109
t 585 4 73
t 586 0 330
t 586 1 307
t 586 2 587
t 586 3 214
t 586 4 99
t 587 0 136
t 587 1 138
t 587 2 109
t 587 3 208
t 587 4 73
t 588 0 372
t 588 1 589
t 588 2 135
t 588 3 288
t 588 4 293
t 589 0 138
t 589 1 241
t 589 2 109
t 589 3 208
t 589 4 73
t 590 0 591
t 590 1 478
t 590 2 592
t 590 3 450
t 590 4 125
t 591 0 496
t 591 1 307
t 591 2 587
t 591 3 214
t 591 4 99
t 592 0 593
t 592 1 496
t 592 2 135
t 592 3 446
t 592 4 99
t 593 0 136
t 593 1 373
t 593 2 109
t 593 3 208
t 593 4 73
t 594 0 595
t 594 1 597
t 594 2 599
t 594 3 550
t 594 4 552
t 595 0 372
t 595 1 596
t 595 2 135
t 595 3 288
t 595 4 293
t 596 0 246
t 596 1 222
t 596 2 109
t 596 3 208
t 596 4 73
t 597 0 598
t 597 1 453
t 597 2 135
t 597 3 446
t 597 4 99
t 598 0 138
t 598 1 222
t 598 2 109
t 598 3 208
t 598 4 73
t 599 0 372
t 599 1 496
t 599 2 135
t 599 4 99
t 600 0 306
t 600 1 478
t 600 2 530
t 600 3 601
t 600 4 627
t 601 0 336
t 601 1 451
t 601 2 551
t 601 3 602
t 601 4 622
t 602 0 311
t 602 1 438
t 602 2 532
t 602 3 603
t 602 4 617
t 603 0 324
t 603 1 425
t 603 2 545
t 603 3 604
t 603 4 612
t 604 0 313
t 604 1 412
t 604 2 534
t 604 3 605
t 604 4 609
t 605 0 318
t 605 1 400
t 605 2 539
t 605 3 606
t 605 4 608
t 606 0 146
t 606 1 148
t 606 2 154
t 606 3 148
t 606 4 607
t 607 0 147
t 607 1 147
t 607 2 147
t 608 0 315
t 608 1 607
t 608 2 536
t 609 0 610
t 609 1 611
t 609 2 537
t 610 1 607
t 610 2 268
t 611 0 315
t 611 1 607
t 611 2 397
t 612 0 613
t 612 1 615
t 612 2 540
t 613 1 614
t 613 2 270
t 614 0 315
t 614 1 607
t 615 0 616
t 615 1 611
t 616 1 607
t 617 0 618
t 617 1 620
t 617 2 542
t 618 1 619
t 618 2 276
t 619 0 616
t 619 1 614
t 620 0 621
t 620 1 615
t 621 1 614
t 622 0 623
t 622 1 625
t 622 2 546
t 623 1 624
t 623 2 277
t 624 0 621
t 624 1 619
t 625 0 626
t 625 1 620
t 626 1 619
t 627 0 628
t 627 1 630
t 627 2 548
t 628 1 629
t 628 2 283
t 629 0 626
t 629 1 624
t 630 0 631
t 630 1 625
t 631 1 624
t 632 0 633
t 632 1 637
t 632 2 639
t 632 3 599
t 632 4 125
t 633 0 4
t 633 1 634
t 633 2 635
t 633 3 97
t 633 4 99
t 634 0 631
t 634 1 629
t 634 2 88
t 634 3 91
t 634 4 73
t 635 0 93
t 635 1 636
t 635 2 66
t 635 3 96
t 635 4 73
t 636 0 69
t 636 1 277
t 636 2 62
t 636 3 90
t 636 4 49
t 637 0 638
t 637 1 630
t 637 2 461
t 637 3 476
t 637 4 99
t 638 0 127
t 638 1 629
t 638 2 88
t 638 3 91
t 638 4 73
t 639 0 640
t 639 1 642
t 639 2 131
t 639 3 522
t 639 4 99
t 640 0 93
t 640 1 641
t 640 2 66
t 640 3 96
t 640 4 73
t 641 0 547
t 641 1 542
t 641 2 62
t 641 3 90
t 641 4 49
t 642 0 643
t 642 1 546
t 642 2 128
t 642 3 462
t 642 4 73
t 643 0 69
t 643 1 542
t 643 2 62
t 643 3 90
t 643 4 49
t 644 0 645
t 644 1 704
t 644 2 719
t 644 3 730
t 644 4 746
t 645 0 3
t 645 1 646
t 645 2 690
t 645 3 696
t 645 4 125
t 646 0 647
t 646 1 679
t 646 2 681
t 646 3 683
t 646 4 99
t 647 1 648
t 647 2 671
t 647 3 672
t 648 0 649
t 648 1 661
t 648 2 663
t 648 3 664
t 649 1 650
t 649 2 656
t 649 3 657
t 650 0 651
t 650 1 653
t 650 2 654
t 650 3 655
t 651 1 652
t 651 2 152
t 651 3 652
t 652 0 147
t 652 1 147
t 652 2 147
t 652 3 147
t 653 0 349
t 653 1 652
t 653 2 152
t 653 3 652
t 654 3 652
t 655 0 349
t 655 1 652
t 655 2 564
t 655 3 652
t 656 3 655
t 657 0 658
t 657 1 659
t 657 2 660
t 657 3 655
t 658 1 652
t 658 2 301
t 658 3 652
t 659 0 349
t 659 1 652
t 659 2 391
t 659 3 652
t 660 0 301
t 660 1 564
t 660 3 652
t 661 0 662
t 661 1 650
t 661 2 656
t 661 3 657
t 662 1 653
t 662 2 654
t 662 3 655
t 663 3 657
t 664 0 665
t 664 1 667
t 664 2 669
t 664 3 657
t 665 1 653
t 665 2 666
t 665 3 655
t 666 1 301
t 666 3 652
t 667 0 651
t 667 1 659
t 667 2 668
t 667 3 655
t 668 0 152
t 668 3 652
t 669 0 670
t 669 1 660
t 669 3 655
t 670 1 564
t 670 3 652
t 671 3 664
t 672 0 673
t 672 1 675
t 672 2 677
t 672 3 664
t 673 1 650
t 673 2 674
t 673 3 657
t 674 1 666
t 674 3 655
t 675 0 662
t 675 1 667
t 675 2 676
t 675 3 657
t 676 0 654
t 676 3 655
t 677 0 678
t 677 1 669
t 677 3 657
t 678 1 660
t 678 3 655
t 679 0 680
t 679 1 648
t 679 2 671
t 679 3 672
t 680 1 661
t 680 2 663
t 680 3 664
t 681 0 115
t 681 1 95
t 681 2 88
t 681 3 682
t 681 4 73
t 682 0 673
t 682 1 675
t 682 2 677
t 682 3 664
t 682 4 49
t 683 0 684
t 683 1 686
t 683 2 688
t 683 3 672
t 683 4 73
t 684 1 661
t 684 2 685
t 684 3 664
t 685 1 674
t 685 3 657
t 686 0 649
t 686 1 675
t 686 2 687
t 686 3 664
t 687 0 656
t 687 3 657
t 688 0 689
t 688 1 677
t 688 2 65
t 688 3 664
t 688 4 49
t 689 1 669
t 689 3 657
t 690 0 119
t 690 1 691
t 690 2 92
t 690 3 693
t 690 4 99
t 691 0 95
t 691 1 692
t 691 2 88
t 691 3 682
t 691 4 73
t 692 1 685
t 692 3 664
t 693 0 684
t 693 1 694
t 693 2 695
t 693 3 672
t 693 4 73
t 694 0 649
t 694 1 675
t 694 2 687
t 694 3 664
t 694 4 49
t 695 0 689
t 695 1 677
t 695 3 664
t 696 0 697
t 696 1 698
t 696 2 700
t 696 3 703
t 696 4 99
t 697 1 648
t 697 2 692
t 697 3 672
t 698 0 680
t 698 1 686
t 698 2 699
t 698 3 672
t 698 4 73
t 699 0 663
t 699 1 72
t 699 2 47
t 699 3 664
t 699 4 49
t 700 0 701
t 700 1 702
t 700 2 71
t 700 3 672
t 700 4 73
t 701 1 677
t 701 3 664
t 702 0 689
t 702 1 677
t 702 2 47
t 702 3 664
t 702 4 49
t 703 0 684
t 703 1 686
t 703 2 695
t 703 3 672
t 704 0 705
t 704 1 706
t 704 2 710
t 704 3 714
t 704 4 125
t 705 0 343
t 705 1 679
t 705 2 681
t 705 3 683
t 705 4 99
t 706 0 647
t 706 1 707
t 706 2 709
t 706 3 703
t 707 0 680
t 707 1 686
t 707 2 708
t 707 3 672
t 708 0 663
t 708 3 664
t 709 0 671
t 709 3 672
t 710 0 711
t 710 1 465
t 710 2 461
t 710 3 712
t 710 4 99
t 711 0 115
t 711 1 120
t 711 2 88
t 711 3 682
t 711 4 73
t 712 0 713
t 712 1 686
t 712 2 695
t 712 3 672
t 712 4 73
t 713 0 129
t 713 1 661
t 713 2 685
t 713 3 664
t 713 4 49
t 714 0 715
t 714 1 707
t 714 2 717
t 714 3 703
t 714 4 99
t 715 0 130
t 715 1 648
t 715 2 716
t 715 3 672
t 715 4 73
t 716 0 104
t 716 1 685
t 716 2 104
t 716 3 664
t 716 4 49
t 717 0 718
t 717 1 695
t 717 2 130
t 717 3 672
t 717 4 73
t 718 0 104
t 718 1 677
t 718 2 104
t 718 3 664
t 718 4 49
t 719 0 720
t 719 1 722
t 719 2 521
t 719 3 725
t 719 4 125
t 720 0 119
t 720 1 721
t 720 2 92
t 720 3 693
t 720 4 99
t 721 0 701
t 721 1 695
t 721 2 88
t 721 3 682
t 721 4 73
t 722 0 723
t 722 1 724
t 722 2 461
t 722 3 712
t 722 4 99
t 723 0 95
t 723 1 695
t 723 2 88
t 723 3 682
t 723 4 73
t 724 0 701
t 724 1 695
t 724 3 672
t 725 0 726
t 725 1 728
t 725 2 724
t 725 3 703
t 725 4 99
t 726 0 369
t 726 1 727
t 726 2 692
t 726 3 672
t 726 4 73
t 727 0 649
t 727 1 661
t 727 2 663
t 727 3 664
t 727 4 49
t 728 0 729
t 728 1 686
t 728 2 708
t 728 3 672
t 728 4 73
t 729 0 129
t 729 1 661
t 729 2 663
t 729 3 664
t 729 4 49
t 730 0 731
t 730 1 736
t 730 2 740
t 730 3 745
t 730 4 125
t 731 0 372
t 731 1 732
t 731 2 734
t 731 3 703
t 731 4 99
t 732 0 680
t 732 1 648
t 732 2 733
t 732 3 672
t 732 4 73
t 733 0 110
t 733 1 112
t 733 2 83
t 733 3 664
t 733 4 49
t 734 0 136
t 734 1 735
t 734 2 109
t 734 3 672
t 734 4 73
t 735 0 112
t 735 1 685
t 735 2 83
t 735 3 664
t 735 4 49
t 736 0 737
t 736 1 707
t 736 2 738
t 736 3 703
t 736 4 99
t 737 0 138
t 737 1 648
t 737 2 733
t 737 3 672
t 737 4 73
t 738 0 739
t 738 1 138
t 738 2 109
t 738 3 672
t 738 4 73
t 739 0 110
t 739 1 137
t 739 2 83
t 739 3 664
t 739 4 49
t 740 0 741
t 740 1 743
t 740 2 135
t 740 3 703
t 740 4 99
t 741 0 136
t 741 1 742
t 741 2 109
t 741 3 672
t 741 4 73
t 742 0 689
t 742 1 677
t 742 2 83
t 742 3 664
t 742 4 49
t 743 0 744
t 743 1 695
t 743 2 109
t 743 3 672
t 743 4 73
t 744 0 112
t 744 1 677
t 744 2 83
t 744 3 664
t 744 4 49
t 745 0 697
t 745 1 707
t 745 2 724
t 745 3 703
t 746 0 3
t 746 1 488
t 746 2 521
t 746 3 599
t 746 4 125
a 10
r 147
