1159 5
i 0
t 0 0 1
t 0 1 635
t 0 2 811
t 0 3 930
t 0 4 1016
t 1 0 2
t 1 1 247
t 1 2 444
t 1 3 529
t 1 4 581
t 2 0 3
t 2 1 221
t 2 2 226
t 2 3 231
t 2 4 233
t 3 0 4
t 3 1 195
t 3 2 200
t 3 3 205
t 3 4 207
t 4 0 5
t 4 1 169
t 4 2 174
t 4 3 179
t 4 4 181
t 5 0 6
t 5 1 143
t 5 2 148
t 5 3 153
t 5 4 155
t 6 0 7
t 6 1 117
t 6 2 122
t 6 3 127
t 6 4 129
t 7 0 8
t 7 1 91
t 7 2 96
t 7 3 101
t 7 4 103
t 8 0 9
t 8 1 65
t 8 2 70
t 8 3 75
t 8 4 77
t 9 0 10
t 9 1 41
t 9 2 46
t 9 3 51
t 9 4 53
t 10 0 11
t 10 1 25
t 10 2 29
t 10 3 33
t 10 4 35
t 11 0 12
t 11 1 17
t 11 2 19
t 11 3 22
t 11 4 23
t 12 0 13
t 12 1 15
t 12 2 13
t 12 3 16
t 12 4 13
t 13 0 14
t 13 1 14
t 13 2 14
t 13 3 14
t 13 4 14
t 15 2 14
t 15 3 14
t 15 4 14
t 16 1 14
t 16 2 14
t 16 4 14
t 17 2 13
t 17 3 18
t 17 4 13
t 18 2 14
t 18 4 14
t 19 0 13
t 19 1 20
t 19 2 13
t 19 3 21
t 19 4 13
t 20 0 14
t 20 2 14
t 20 3 14
t 20 4 14
t 21 1 14
t 21 4 14
t 22 1 18
t 22 2 16
t 22 4 13
t 23 0 13
t 23 1 20
t 23 2 13
t 23 3 24
t 23 4 13
t 24 0 14
t 24 1 14
t 24 2 14
t 24 4 14
t 25 2 26
t 25 3 28
t 25 4 23
t 26 0 13
t 26 1 20
t 26 2 13
t 26 3 27
t 26 4 13
t 27 4 14
t 28 2 18
t 28 4 13
t 29 0 30
t 29 1 31
t 29 2 19
t 29 3 32
t 29 4 23
t 30 0 13
t 30 1 15
t 30 2 13
t 30 3 21
t 30 4 13
t 31 0 20
t 31 2 13
t 31 3 27
t 31 4 13
t 32 1 27
t 32 4 13
t 33 1 34
t 33 2 22
t 33 4 23
t 34 2 16
t 34 4 13
t 35 0 12
t 35 1 36
t 35 2 38
t 35 3 40
t 35 4 23
t 36 0 20
t 36 2 13
t 36 3 37
t 36 4 13
t 37 0 14
t 37 2 14
t 37 4 14
t 38 0 13
t 38 1 20
t 38 2 13
t 38 3 39
t 38 4 13
t 39 0 14
t 39 1 14
t 39 4 14
t 40 0 24
t 40 1 37
t 40 2 24
t 40 4 13
t 41 2 42
t 41 3 45
t 41 4 35
t 42 0 43
t 42 1 31
t 42 2 26
t 42 3 44
t 42 4 23
t 43 0 13
t 43 1 15
t 43 2 13
t 43 3 27
t 43 4 13
t 44 4 13
t 45 2 28
t 45 4 23
t 46 0 47
t 46 1 49
t 46 2 29
t 46 3 50
t 46 4 35
t 47 0 30
t 47 1 48
t 47 2 19
t 47 3 32
t 47 4 23
t 48 2 13
t 48 3 27
t 48 4 13
t 49 0 31
t 49 2 26
t 49 3 44
t 49 4 23
t 50 1 44
t 50 4 23
t 51 1 52
t 51 2 33
t 51 4 35
t 52 2 22
t 52 4 23
t 53 0 11
t 53 1 54
t 53 2 59
t 53 3 62
t 53 4 35
t 54 0 55
t 54 2 56
t 54 3 58
t 54 4 23
t 55 0 20
t 55 2 13
t 55 3 18
t 55 4 13
t 56 0 13
t 56 1 20
t 56 2 13
t 56 3 57
t 56 4 13
t 57 0 14
t 57 4 14
t 58 0 37
t 58 2 37
t 58 4 13
t 59 0 30
t 59 1 60
t 59 2 38
t 59 3 61
t 59 4 23
t 60 0 20
t 60 2 13
t 60 3 57
t 60 4 13
t 61 0 39
t 61 1 57
t 61 4 13
t 62 0 63
t 62 1 64
t 62 2 40
t 62 4 23
t 63 0 24
t 63 1 18
t 63 2 24
t 63 4 13
t 64 0 37
t 64 2 24
t 64 4 13
t 65 2 66
t 65 3 69
t 65 4 53
t 66 0 67
t 66 1 49
t 66 2 42
t 66 3 68
t 66 4 35
t 67 0 43
t 67 1 48
t 67 2 26
t 67 3 44
t 67 4 23
t 68 4 23
t 69 2 45
t 69 4 35
t 70 0 71
t 70 1 73
t 70 2 46
t 70 3 74
t 70 4 53
t 71 0 47
t 71 1 72
t 71 2 29
t 71 3 50
t 71 4 35
t 72 2 26
t 72 3 44
t 72 4 23
t 73 0 49
t 73 2 42
t 73 3 68
t 73 4 35
t 74 1 68
t 74 4 35
t 75 1 76
t 75 2 51
t 75 4 53
t 76 2 33
t 76 4 35
t 77 0 10
t 77 1 78
t 77 2 83
t 77 3 87
t 77 4 53
t 78 0 79
t 78 2 80
t 78 3 82
t 78 4 35
t 79 0 55
t 79 2 26
t 79 3 28
t 79 4 23
t 80 0 43
t 80 1 60
t 80 2 56
t 80 3 81
t 80 4 23
t 81 0 57
t 81 4 13
t 82 0 58
t 82 2 58
t 82 4 23
t 83 0 47
t 83 1 84
t 83 2 59
t 83 3 85
t 83 4 35
t 84 0 31
t 84 2 56
t 84 3 81
t 84 4 23
t 85 0 86
t 85 1 81
t 85 4 23
t 86 0 39
t 86 1 27
t 86 4 13
t 87 0 88
t 87 1 90
t 87 2 62
t 87 4 35
t 88 0 63
t 88 1 89
t 88 2 40
t 88 4 23
t 89 2 24
t 89 4 13
t 90 0 64
t 90 2 40
t 90 4 23
t 91 2 92
t 91 3 95
t 91 4 77
t 92 0 93
t 92 1 73
t 92 2 66
t 92 3 94
t 92 4 53
t 93 0 67
t 93 1 72
t 93 2 42
t 93 3 68
t 93 4 35
t 94 4 35
t 95 2 69
t 95 4 53
t 96 0 97
t 96 1 99
t 96 2 70
t 96 3 100
t 96 4 77
t 97 0 71
t 97 1 98
t 97 2 46
t 97 3 74
t 97 4 53
t 98 2 42
t 98 3 68
t 98 4 35
t 99 0 73
t 99 2 66
t 99 3 94
t 99 4 53
t 100 1 94
t 100 4 53
t 101 1 102
t 101 2 75
t 101 4 77
t 102 2 51
t 102 4 53
t 103 0 9
t 103 1 104
t 103 2 109
t 103 3 113
t 103 4 77
t 104 0 105
t 104 2 106
t 104 3 108
t 104 4 53
t 105 0 79
t 105 2 42
t 105 3 45
t 105 4 35
t 106 0 67
t 106 1 84
t 106 2 80
t 106 3 107
t 106 4 35
t 107 0 81
t 107 4 23
t 108 0 82
t 108 2 82
t 108 4 35
t 109 0 71
t 109 1 110
t 109 2 83
t 109 3 111
t 109 4 53
t 110 0 49
t 110 2 80
t 110 3 107
t 110 4 35
t 111 0 112
t 111 1 107
t 111 4 35
t 112 0 86
t 112 1 44
t 112 4 23
t 113 0 114
t 113 1 116
t 113 2 87
t 113 4 53
t 114 0 88
t 114 1 115
t 114 2 62
t 114 4 35
t 115 2 40
t 115 4 23
t 116 0 90
t 116 2 62
t 116 4 35
t 117 2 118
t 117 3 121
t 117 4 103
t 118 0 119
t 118 1 99
t 118 2 92
t 118 3 120
t 118 4 77
t 119 0 93
t 119 1 98
t 119 2 66
t 119 3 94
t 119 4 53
t 120 4 53
t 121 2 95
t 121 4 77
t 122 0 123
t 122 1 125
t 122 2 96
t 122 3 126
t 122 4 103
t 123 0 97
t 123 1 124
t 123 2 70
t 123 3 100
t 123 4 77
t 124 2 66
t 124 3 94
t 124 4 53
t 125 0 99
t 125 2 92
t 125 3 120
t 125 4 77
t 126 1 120
t 126 4 77
t 127 1 128
t 127 2 101
t 127 4 103
t 128 2 75
t 128 4 77
t 129 0 8
t 129 1 130
t 129 2 135
t 129 3 139
t 129 4 103
t 130 0 131
t 130 2 132
t 130 3 134
t 130 4 77
t 131 0 105
t 131 2 66
t 131 3 69
t 131 4 53
t 132 0 93
t 132 1 110
t 132 2 106
t 132 3 133
t 132 4 53
t 133 0 107
t 133 4 35
t 134 0 108
t 134 2 108
t 134 4 53
t 135 0 97
t 135 1 136
t 135 2 109
t 135 3 137
t 135 4 77
t 136 0 73
t 136 2 106
t 136 3 133
t 136 4 53
t 137 0 138
t 137 1 133
t 137 4 53
t 138 0 112
t 138 1 68
t 138 4 35
t 139 0 140
t 139 1 142
t 139 2 113
t 139 4 77
t 140 0 114
t 140 1 141
t 140 2 87
t 140 4 53
t 141 2 62
t 141 4 35
t 142 0 116
t 142 2 87
t 142 4 53
t 143 2 144
t 143 3 147
t 143 4 129
t 144 0 145
t 144 1 125
t 144 2 118
t 144 3 146
t 144 4 103
t 145 0 119
t 145 1 124
t 145 2 92
t 145 3 120
t 145 4 77
t 146 4 77
t 147 2 121
t 147 4 103
t 148 0 149
t 148 1 151
t 148 2 122
t 148 3 152
t 148 4 129
t 149 0 123
t 149 1 150
t 149 2 96
t 149 3 126
t 149 4 103
t 150 2 92
t 150 3 120
t 150 4 77
t 151 0 125
t 151 2 118
t 151 3 146
t 151 4 103
t 152 1 146
t 152 4 103
t 153 1 154
t 153 2 127
t 153 4 129
t 154 2 101
t 154 4 103
t 155 0 7
t 155 1 156
t 155 2 161
t 155 3 165
t 155 4 129
t 156 0 157
t 156 2 158
t 156 3 160
t 156 4 103
t 157 0 131
t 157 2 92
t 157 3 95
t 157 4 77
t 158 0 119
t 158 1 136
t 158 2 132
t 158 3 159
t 158 4 77
t 159 0 133
t 159 4 53
t 160 0 134
t 160 2 134
t 160 4 77
t 161 0 123
t 161 1 162
t 161 2 135
t 161 3 163
t 161 4 103
t 162 0 99
t 162 2 132
t 162 3 159
t 162 4 77
t 163 0 164
t 163 1 159
t 163 4 77
t 164 0 138
t 164 1 94
t 164 4 53
t 165 0 166
t 165 1 168
t 165 2 139
t 165 4 103
t 166 0 140
t 166 1 167
t 166 2 113
t 166 4 77
t 167 2 87
t 167 4 53
t 168 0 142
t 168 2 113
t 168 4 77
t 169 2 170
t 169 3 173
t 169 4 155
t 170 0 171
t 170 1 151
t 170 2 144
t 170 3 172
t 170 4 129
t 171 0 145
t 171 1 150
t 171 2 118
t 171 3 146
t 171 4 103
t 172 4 103
t 173 2 147
t 173 4 129
t 174 0 175
t 174 1 177
t 174 2 148
t 174 3 178
t 174 4 155
t 175 0 149
t 175 1 176
t 175 2 122
t 175 3 152
t 175 4 129
t 176 2 118
t 176 3 146
t 176 4 103
t 177 0 151
t 177 2 144
t 177 3 172
t 177 4 129
t 178 1 172
t 178 4 129
t 179 1 180
t 179 2 153
t 179 4 155
t 180 2 127
t 180 4 129
t 181 0 6
t 181 1 182
t 181 2 187
t 181 3 191
t 181 4 155
t 182 0 183
t 182 2 184
t 182 3 186
t 182 4 129
t 183 0 157
t 183 2 118
t 183 3 121
t 183 4 103
t 184 0 145
t 184 1 162
t 184 2 158
t 184 3 185
t 184 4 103
t 185 0 159
t 185 4 77
t 186 0 160
t 186 2 160
t 186 4 103
t 187 0 149
t 187 1 188
t 187 2 161
t 187 3 189
t 187 4 129
t 188 0 125
t 188 2 158
t 188 3 185
t 188 4 103
t 189 0 190
t 189 1 185
t 189 4 103
t 190 0 164
t 190 1 120
t 190 4 77
t 191 0 192
t 191 1 194
t 191 2 165
t 191 4 129
t 192 0 166
t 192 1 193
t 192 2 139
t 192 4 103
t 193 2 113
t 193 4 77
t 194 0 168
t 194 2 139
t 194 4 103
t 195 2 196
t 195 3 199
t 195 4 181
t 196 0 197
t 196 1 177
t 196 2 170
t 196 3 198
t 196 4 155
t 197 0 171
t 197 1 176
t 197 2 144
t 197 3 172
t 197 4 129
t 198 4 129
t 199 2 173
t 199 4 155
t 200 0 201
t 200 1 203
t 200 2 174
t 200 3 204
t 200 4 181
t 201 0 175
t 201 1 202
t 201 2 148
t 201 3 178
t 201 4 155
t 202 2 144
t 202 3 172
t 202 4 129
t 203 0 177
t 203 2 170
t 203 3 198
t 203 4 155
t 204 1 198
t 204 4 155
t 205 1 206
t 205 2 179
t 205 4 181
t 206 2 153
t 206 4 155
t 207 0 5
t 207 1 208
t 207 2 213
t 207 3 217
t 207 4 181
t 208 0 209
t 208 2 210
t 208 3 212
t 208 4 155
t 209 0 183
t 209 2 144
t 209 3 147
t 209 4 129
t 210 0 171
t 210 1 188
t 210 2 184
t 210 3 211
t 210 4 129
t 211 0 185
t 211 4 103
t 212 0 186
t 212 2 186
t 212 4 129
t 213 0 175
t 213 1 214
t 213 2 187
t 213 3 215
t 213 4 155
t 214 0 151
t 214 2 184
t 214 3 211
t 214 4 129
t 215 0 216
t 215 1 211
t 215 4 129
t 216 0 190
t 216 1 146
t 216 4 103
t 217 0 218
t 217 1 220
t 217 2 191
t 217 4 155
t 218 0 192
t 218 1 219
t 218 2 165
t 218 4 129
t 219 2 139
t 219 4 103
t 220 0 194
t 220 2 165
t 220 4 129
t 221 2 222
t 221 3 225
t 221 4 207
t 222 0 223
t 222 1 203
t 222 2 196
t 222 3 224
t 222 4 181
t 223 0 197
t 223 1 202
t 223 2 170
t 223 3 198
t 223 4 155
t 224 4 155
t 225 2 199
t 225 4 181
t 226 0 227
t 226 1 229
t 226 2 200
t 226 3 230
t 226 4 207
t 227 0 201
t 227 1 228
t 227 2 174
t 227 3 204
t 227 4 181
t 228 2 170
t 228 3 198
t 228 4 155
t 229 0 203
t 229 2 196
t 229 3 224
t 229 4 181
t 230 1 224
t 230 4 181
t 231 1 232
t 231 2 205
t 231 4 207
t 232 2 179
t 232 4 181
t 233 0 4
t 233 1 234
t 233 2 239
t 233 3 243
t 233 4 207
t 234 0 235
t 234 2 236
t 234 3 238
t 234 4 181
t 235 0 209
t 235 2 170
t 235 3 173
t 235 4 155
t 236 0 197
t 236 1 214
t 236 2 210
t 236 3 237
t 236 4 155
t 237 0 211
t 237 4 129
t 238 0 212
t 238 2 212
t 238 4 155
t 239 0 201
t 239 1 240
t 239 2 213
t 239 3 241
t 239 4 181
t 240 0 177
t 240 2 210
t 240 3 237
t 240 4 155
t 241 0 242
t 241 1 237
t 241 4 155
t 242 0 216
t 242 1 172
t 242 4 129
t 243 0 244
t 243 1 246
t 243 2 217
t 243 4 181
t 244 0 218
t 244 1 245
t 244 2 191
t 244 4 155
t 245 2 165
t 245 4 129
t 246 0 220
t 246 2 191
t 246 4 155
t 247 0 248
t 247 1 418
t 247 2 420
t 247 3 429
t 247 4 439
t 248 1 249
t 248 2 399
t 248 3 406
t 248 4 416
t 249 0 250
t 249 1 378
t 249 2 380
t 249 3 387
t 249 4 397
t 250 1 251
t 250 2 359
t 250 3 366
t 250 4 376
t 251 0 252
t 251 1 338
t 251 2 340
t 251 3 347
t 251 4 357
t 252 1 253
t 252 2 319
t 252 3 326
t 252 4 336
t 253 0 254
t 253 1 298
t 253 2 300
t 253 3 307
t 253 4 317
t 254 1 255
t 254 2 282
t 254 3 287
t 254 4 296
t 255 0 256
t 255 1 269
t 255 2 271
t 255 3 274
t 255 4 280
t 256 1 257
t 256 2 263
t 256 3 265
t 256 4 268
t 257 0 258
t 257 1 260
t 257 2 261
t 257 3 260
t 257 4 262
t 258 1 259
t 258 2 259
t 258 3 259
t 258 4 259
t 260 0 259
t 260 1 259
t 260 2 259
t 260 3 259
t 260 4 259
t 261 3 259
t 261 4 259
t 262 2 259
t 262 3 259
t 263 3 260
t 263 4 264
t 264 3 259
t 265 0 258
t 265 1 260
t 265 2 266
t 265 3 260
t 265 4 267
t 266 0 259
t 266 1 259
t 266 3 259
t 266 4 259
t 267 2 259
t 268 2 264
t 268 3 262
t 269 0 270
t 269 1 257
t 269 2 263
t 269 3 265
t 269 4 268
t 270 1 260
t 270 2 261
t 270 3 260
t 270 4 262
t 271 3 272
t 271 4 273
t 272 0 258
t 272 1 260
t 272 2 266
t 272 3 260
t 273 3 264
t 274 0 275
t 274 1 277
t 274 2 279
t 274 3 265
t 275 1 260
t 275 2 276
t 275 3 260
t 275 4 267
t 276 1 259
t 276 3 259
t 276 4 259
t 277 0 258
t 277 1 260
t 277 2 278
t 277 3 260
t 277 4 267
t 278 0 259
t 278 3 259
t 278 4 259
t 279 0 276
t 279 1 266
t 279 3 260
t 280 2 281
t 280 3 268
t 281 3 262
t 282 3 283
t 282 4 286
t 283 0 284
t 283 1 285
t 283 2 279
t 283 3 272
t 284 1 260
t 284 2 276
t 284 3 260
t 285 0 258
t 285 1 260
t 285 2 278
t 285 3 260
t 286 3 273
t 287 0 288
t 287 1 291
t 287 2 294
t 287 3 274
t 288 1 289
t 288 2 290
t 288 3 265
t 289 0 258
t 289 1 260
t 289 2 261
t 289 3 260
t 289 4 267
t 290 1 276
t 290 3 260
t 291 0 292
t 291 1 277
t 291 2 293
t 291 3 265
t 292 1 260
t 292 2 261
t 292 3 260
t 292 4 267
t 293 0 261
t 293 3 260
t 294 0 295
t 294 1 279
t 294 3 272
t 295 1 266
t 295 3 260
t 296 2 297
t 296 3 280
t 297 3 268
t 298 0 299
t 298 1 255
t 298 2 282
t 298 3 287
t 298 4 296
t 299 1 269
t 299 2 271
t 299 3 274
t 299 4 280
t 300 3 301
t 300 4 306
t 301 0 302
t 301 1 304
t 301 2 294
t 301 3 283
t 302 1 303
t 302 2 290
t 302 3 272
t 303 0 258
t 303 1 260
t 303 2 261
t 303 3 260
t 304 0 305
t 304 1 285
t 304 2 293
t 304 3 272
t 305 1 260
t 305 2 261
t 305 3 260
t 306 3 286
t 307 0 308
t 307 1 312
t 307 2 315
t 307 3 287
t 308 1 309
t 308 2 311
t 308 3 274
t 309 0 292
t 309 1 289
t 309 2 310
t 309 3 265
t 310 3 260
t 311 1 290
t 311 3 272
t 312 0 313
t 312 1 291
t 312 2 314
t 312 3 274
t 313 1 289
t 313 2 310
t 313 3 265
t 314 0 310
t 314 3 272
t 315 0 316
t 315 1 294
t 315 3 283
t 316 1 279
t 316 3 272
t 317 2 318
t 317 3 296
t 318 3 280
t 319 3 320
t 319 4 325
t 320 0 321
t 320 1 323
t 320 2 315
t 320 3 301
t 321 1 322
t 321 2 311
t 321 3 283
t 322 0 305
t 322 1 303
t 322 2 310
t 322 3 272
t 323 0 324
t 323 1 304
t 323 2 314
t 323 3 283
t 324 1 303
t 324 2 310
t 324 3 272
t 325 3 306
t 326 0 327
t 326 1 331
t 326 2 334
t 326 3 307
t 327 1 328
t 327 2 330
t 327 3 287
t 328 0 313
t 328 1 309
t 328 2 329
t 328 3 274
t 329 3 272
t 330 1 311
t 330 3 283
t 331 0 332
t 331 1 312
t 331 2 333
t 331 3 287
t 332 1 309
t 332 2 329
t 332 3 274
t 333 0 329
t 333 3 283
t 334 0 335
t 334 1 315
t 334 3 301
t 335 1 294
t 335 3 283
t 336 2 337
t 336 3 317
t 337 3 296
t 338 0 339
t 338 1 253
t 338 2 319
t 338 3 326
t 338 4 336
t 339 1 298
t 339 2 300
t 339 3 307
t 339 4 317
t 340 3 341
t 340 4 346
t 341 0 342
t 341 1 344
t 341 2 334
t 341 3 320
t 342 1 343
t 342 2 330
t 342 3 301
t 343 0 324
t 343 1 322
t 343 2 329
t 343 3 283
t 344 0 345
t 344 1 323
t 344 2 333
t 344 3 301
t 345 1 322
t 345 2 329
t 345 3 283
t 346 3 325
t 347 0 348
t 347 1 352
t 347 2 355
t 347 3 326
t 348 1 349
t 348 2 351
t 348 3 307
t 349 0 332
t 349 1 328
t 349 2 350
t 349 3 287
t 350 3 283
t 351 1 330
t 351 3 301
t 352 0 353
t 352 1 331
t 352 2 354
t 352 3 307
t 353 1 328
t 353 2 350
t 353 3 287
t 354 0 350
t 354 3 301
t 355 0 356
t 355 1 334
t 355 3 320
t 356 1 315
t 356 3 301
t 357 2 358
t 357 3 336
t 358 3 317
t 359 3 360
t 359 4 365
t 360 0 361
t 360 1 363
t 360 2 355
t 360 3 341
t 361 1 362
t 361 2 351
t 361 3 320
t 362 0 345
t 362 1 343
t 362 2 350
t 362 3 301
t 363 0 364
t 363 1 344
t 363 2 354
t 363 3 320
t 364 1 343
t 364 2 350
t 364 3 301
t 365 3 346
t 366 0 367
t 366 1 371
t 366 2 374
t 366 3 347
t 367 1 368
t 367 2 370
t 367 3 326
t 368 0 353
t 368 1 349
t 368 2 369
t 368 3 307
t 369 3 301
t 370 1 351
t 370 3 320
t 371 0 372
t 371 1 352
t 371 2 373
t 371 3 326
t 372 1 349
t 372 2 369
t 372 3 307
t 373 0 369
t 373 3 320
t 374 0 375
t 374 1 355
t 374 3 341
t 375 1 334
t 375 3 320
t 376 2 377
t 376 3 357
t 377 3 336
t 378 0 379
t 378 1 251
t 378 2 359
t 378 3 366
t 378 4 376
t 379 1 338
t 379 2 340
t 379 3 347
t 379 4 357
t 380 3 381
t 380 4 386
t 381 0 382
t 381 1 384
t 381 2 374
t 381 3 360
t 382 1 383
t 382 2 370
t 382 3 341
t 383 0 364
t 383 1 362
t 383 2 369
t 383 3 320
t 384 0 385
t 384 1 363
t 384 2 373
t 384 3 341
t 385 1 362
t 385 2 369
t 385 3 320
t 386 3 365
t 387 0 388
t 387 1 392
t 387 2 395
t 387 3 366
t 388 1 389
t 388 2 391
t 388 3 347
t 389 0 372
t 389 1 368
t 389 2 390
t 389 3 326
t 390 3 320
t 391 1 370
t 391 3 341
t 392 0 393
t 392 1 371
t 392 2 394
t 392 3 347
t 393 1 368
t 393 2 390
t 393 3 326
t 394 0 390
t 394 3 341
t 395 0 396
t 395 1 374
t 395 3 360
t 396 1 355
t 396 3 341
t 397 2 398
t 397 3 376
t 398 3 357
t 399 3 400
t 399 4 405
t 400 0 401
t 400 1 403
t 400 2 395
t 400 3 381
t 401 1 402
t 401 2 391
t 401 3 360
t 402 0 385
t 402 1 383
t 402 2 390
t 402 3 341
t 403 0 404
t 403 1 384
t 403 2 394
t 403 3 360
t 404 1 383
t 404 2 390
t 404 3 341
t 405 3 386
t 406 0 407
t 406 1 411
t 406 2 414
t 406 3 387
t 407 1 408
t 407 2 410
t 407 3 366
t 408 0 393
t 408 1 389
t 408 2 409
t 408 3 347
t 409 3 341
t 410 1 391
t 410 3 360
t 411 0 412
t 411 1 392
t 411 2 413
t 411 3 366
t 412 1 389
t 412 2 409
t 412 3 347
t 413 0 409
t 413 3 360
t 414 0 415
t 414 1 395
t 414 3 381
t 415 1 374
t 415 3 360
t 416 2 417
t 416 3 397
t 417 3 376
t 418 0 419
t 418 1 249
t 418 2 399
t 418 3 406
t 418 4 416
t 419 1 378
t 419 2 380
t 419 3 387
t 419 4 397
t 420 0 421
t 420 1 229
t 420 2 222
t 420 3 422
t 420 4 427
t 421 0 223
t 421 1 228
t 421 2 196
t 421 3 224
t 421 4 181
t 422 0 423
t 422 1 425
t 422 2 414
t 422 3 400
t 422 4 181
t 423 1 424
t 423 2 410
t 423 3 381
t 424 0 404
t 424 1 402
t 424 2 409
t 424 3 360
t 425 0 426
t 425 1 403
t 425 2 413
t 425 3 381
t 426 1 402
t 426 2 409
t 426 3 360
t 427 0 5
t 427 1 208
t 427 2 213
t 427 3 428
t 427 4 181
t 428 0 218
t 428 1 220
t 428 2 191
t 428 3 386
t 428 4 155
t 429 0 430
t 429 1 434
t 429 2 437
t 429 3 406
t 429 4 207
t 430 1 431
t 430 2 433
t 430 3 387
t 431 0 412
t 431 1 408
t 431 2 432
t 431 3 366
t 432 3 360
t 433 1 410
t 433 3 381
t 434 0 435
t 434 1 411
t 434 2 436
t 434 3 387
t 435 1 408
t 435 2 432
t 435 3 366
t 436 0 432
t 436 3 381
t 437 0 438
t 437 1 414
t 437 2 199
t 437 3 400
t 437 4 181
t 438 1 395
t 438 3 381
t 439 0 4
t 439 1 234
t 439 2 440
t 439 3 442
t 439 4 207
t 440 0 201
t 440 1 240
t 440 2 213
t 440 3 441
t 440 4 181
t 441 0 242
t 441 1 237
t 441 2 398
t 441 3 376
t 441 4 155
t 442 0 244
t 442 1 246
t 442 2 443
t 442 3 397
t 442 4 181
t 443 0 218
t 443 1 220
t 443 2 191
t 443 3 376
t 443 4 155
t 444 0 445
t 444 1 447
t 444 2 226
t 444 3 457
t 444 4 515
t 445 0 227
t 445 1 446
t 445 2 200
t 445 3 230
t 445 4 207
t 446 2 196
t 446 3 224
t 446 4 181
t 447 0 229
t 447 1 448
t 447 2 222
t 447 3 422
t 447 4 427
t 448 1 449
t 448 3 400
t 448 4 405
t 449 1 450
t 449 3 381
t 449 4 386
t 450 1 451
t 450 3 360
t 450 4 365
t 451 1 452
t 451 3 341
t 451 4 346
t 452 1 453
t 452 3 320
t 452 4 325
t 453 1 454
t 453 3 301
t 453 4 306
t 454 1 455
t 454 3 283
t 454 4 286
t 455 1 456
t 455 3 272
t 455 4 273
t 456 1 276
t 456 3 260
t 456 4 264
t 457 0 458
t 457 1 504
t 457 2 506
t 457 3 508
t 457 4 513
t 458 1 459
t 458 2 460
t 458 3 498
t 458 4 503
t 459 0 426
t 459 1 424
t 459 2 432
t 459 3 381
t 460 1 410
t 460 3 461
t 460 4 497
t 461 0 462
t 461 1 384
t 461 2 489
t 461 3 491
t 461 4 496
t 462 1 383
t 462 2 463
t 462 3 483
t 462 4 488
t 463 1 351
t 463 3 464
t 463 4 482
t 464 0 465
t 464 1 323
t 464 2 474
t 464 3 476
t 464 4 481
t 465 1 322
t 465 2 466
t 465 3 470
t 465 4 473
t 466 1 290
t 466 3 467
t 466 4 469
t 467 0 258
t 467 1 260
t 467 2 266
t 467 3 260
t 467 4 468
t 468 1 259
t 469 1 468
t 470 0 471
t 470 1 285
t 470 2 472
t 470 3 467
t 470 4 469
t 471 1 260
t 471 2 276
t 471 3 260
t 471 4 468
t 472 0 276
t 472 1 266
t 472 3 260
t 472 4 468
t 473 1 469
t 474 0 475
t 474 1 294
t 474 3 470
t 474 4 473
t 475 1 279
t 475 3 467
t 475 4 469
t 476 0 477
t 476 1 304
t 476 2 479
t 476 3 470
t 476 4 473
t 477 1 303
t 477 2 478
t 477 3 467
t 477 4 469
t 478 1 276
t 478 3 260
t 478 4 468
t 479 0 480
t 479 1 279
t 479 3 467
t 479 4 469
t 480 1 266
t 480 3 260
t 480 4 468
t 481 1 473
t 482 1 481
t 483 0 484
t 483 1 344
t 483 2 486
t 483 3 464
t 483 4 482
t 484 1 343
t 484 2 485
t 484 3 476
t 484 4 481
t 485 1 311
t 485 3 470
t 485 4 473
t 486 0 487
t 486 1 315
t 486 3 476
t 486 4 481
t 487 1 294
t 487 3 470
t 487 4 473
t 488 1 482
t 489 0 490
t 489 1 355
t 489 3 483
t 489 4 488
t 490 1 334
t 490 3 464
t 490 4 482
t 491 0 492
t 491 1 363
t 491 2 494
t 491 3 483
t 491 4 488
t 492 1 362
t 492 2 493
t 492 3 464
t 492 4 482
t 493 1 330
t 493 3 476
t 493 4 481
t 494 0 495
t 494 1 334
t 494 3 464
t 494 4 482
t 495 1 315
t 495 3 476
t 495 4 481
t 496 1 488
t 497 1 496
t 498 0 499
t 498 1 403
t 498 2 501
t 498 3 461
t 498 4 497
t 499 1 402
t 499 2 500
t 499 3 491
t 499 4 496
t 500 1 370
t 500 3 483
t 500 4 488
t 501 0 502
t 501 1 374
t 501 3 491
t 501 4 496
t 502 1 355
t 502 3 483
t 502 4 488
t 503 1 497
t 504 0 505
t 504 1 425
t 504 2 436
t 504 3 400
t 504 4 181
t 505 1 424
t 505 2 432
t 505 3 381
t 506 0 507
t 506 1 414
t 506 3 498
t 506 4 503
t 507 1 395
t 507 3 461
t 507 4 497
t 508 0 509
t 508 1 425
t 508 2 511
t 508 3 498
t 508 4 503
t 509 1 424
t 509 2 510
t 509 3 461
t 509 4 497
t 510 1 391
t 510 3 491
t 510 4 496
t 511 0 512
t 511 1 395
t 511 3 461
t 511 4 497
t 512 1 374
t 512 3 491
t 512 4 496
t 513 0 5
t 513 1 514
t 513 2 213
t 513 3 217
t 513 4 181
t 514 0 209
t 514 1 497
t 514 2 210
t 514 3 212
t 514 4 155
t 515 0 4
t 515 1 516
t 515 2 239
t 515 3 527
t 515 4 207
t 516 0 235
t 516 1 517
t 516 2 236
t 516 3 526
t 516 4 181
t 517 1 518
t 517 3 518
t 518 1 519
t 518 3 519
t 519 1 520
t 519 3 520
t 520 1 521
t 520 3 521
t 521 1 522
t 521 3 522
t 522 1 523
t 522 3 523
t 523 1 524
t 523 3 524
t 524 1 525
t 524 3 525
t 525 1 259
t 525 3 259
t 526 0 212
t 526 1 518
t 526 2 212
t 526 3 518
t 526 4 155
t 527 0 244
t 527 1 528
t 527 2 217
t 527 3 517
t 527 4 181
t 528 0 220
t 528 1 518
t 528 2 191
t 528 3 518
t 528 4 155
t 529 0 530
t 529 1 569
t 529 2 572
t 529 3 575
t 529 4 577
t 530 1 531
t 530 2 533
t 530 3 534
t 530 4 567
t 531 0 435
t 531 1 431
t 531 2 532
t 531 3 387
t 532 3 381
t 533 1 433
t 533 3 498
t 533 4 503
t 534 0 535
t 534 1 411
t 534 2 511
t 534 3 563
t 534 4 565
t 535 1 408
t 535 2 510
t 535 3 536
t 535 4 561
t 536 0 537
t 536 1 371
t 536 2 489
t 536 3 557
t 536 4 559
t 537 1 368
t 537 2 463
t 537 3 538
t 537 4 555
t 538 0 539
t 538 1 331
t 538 2 486
t 538 3 551
t 538 4 553
t 539 1 328
t 539 2 485
t 539 3 540
t 539 4 549
t 540 0 541
t 540 1 291
t 540 2 479
t 540 3 545
t 540 4 547
t 541 1 289
t 541 2 478
t 541 3 542
t 541 4 544
t 542 0 258
t 542 1 260
t 542 2 266
t 542 3 260
t 542 4 543
t 543 1 259
t 543 2 259
t 544 1 543
t 544 2 468
t 545 0 546
t 545 1 277
t 545 2 472
t 545 3 542
t 545 4 544
t 546 1 260
t 546 2 276
t 546 3 260
t 546 4 543
t 547 1 548
t 547 2 469
t 548 1 543
t 549 1 550
t 549 2 473
t 550 1 548
t 551 0 552
t 551 1 312
t 551 2 474
t 551 3 540
t 551 4 549
t 552 1 309
t 552 2 466
t 552 3 545
t 552 4 547
t 553 1 554
t 553 2 481
t 554 1 550
t 555 1 556
t 555 2 482
t 556 1 554
t 557 0 558
t 557 1 352
t 557 2 494
t 557 3 538
t 557 4 555
t 558 1 349
t 558 2 493
t 558 3 551
t 558 4 553
t 559 1 560
t 559 2 488
t 560 1 556
t 561 1 562
t 561 2 496
t 562 1 560
t 563 0 564
t 563 1 392
t 563 2 501
t 563 3 536
t 563 4 561
t 564 1 389
t 564 2 500
t 564 3 557
t 564 4 559
t 565 1 566
t 565 2 497
t 566 1 562
t 567 1 568
t 567 2 503
t 568 1 566
t 569 0 570
t 569 1 434
t 569 2 571
t 569 3 406
t 569 4 207
t 570 1 431
t 570 2 532
t 570 3 387
t 571 0 532
t 571 1 206
t 571 2 179
t 571 3 400
t 571 4 181
t 572 0 573
t 572 1 574
t 572 2 205
t 572 3 508
t 572 4 513
t 573 1 414
t 573 3 498
t 573 4 503
t 574 0 438
t 574 1 414
t 574 2 179
t 574 3 400
t 574 4 181
t 575 0 576
t 575 1 434
t 575 2 506
t 575 3 534
t 575 4 567
t 576 1 431
t 576 2 460
t 576 3 563
t 576 4 565
t 577 0 4
t 577 1 578
t 577 2 579
t 577 3 243
t 577 4 207
t 578 0 235
t 578 1 568
t 578 2 236
t 578 3 238
t 578 4 181
t 579 0 201
t 579 1 580
t 579 2 213
t 579 3 241
t 579 4 181
t 580 0 177
t 580 1 497
t 580 2 210
t 580 3 237
t 580 4 155
t 581 0 3
t 581 1 582
t 581 2 621
t 581 3 627
t 581 4 233
t 582 0 583
t 582 1 584
t 582 2 617
t 582 3 619
t 582 4 207
t 583 0 235
t 583 2 196
t 583 3 199
t 583 4 181
t 584 1 585
t 584 2 614
t 584 3 615
t 585 1 586
t 585 2 611
t 585 3 612
t 586 1 587
t 586 2 608
t 586 3 609
t 587 1 588
t 587 2 605
t 587 3 606
t 588 1 589
t 588 2 602
t 588 3 603
t 589 1 590
t 589 2 599
t 589 3 600
t 590 1 591
t 590 2 596
t 590 3 597
t 591 1 592
t 591 2 594
t 591 3 595
t 592 1 593
t 592 2 264
t 592 3 593
t 593 1 259
t 593 2 259
t 593 3 259
t 594 3 593
t 595 1 593
t 595 2 525
t 595 3 593
t 596 3 595
t 597 1 592
t 597 2 598
t 597 3 595
t 598 1 525
t 598 3 593
t 599 3 597
t 600 1 591
t 600 2 601
t 600 3 597
t 601 1 598
t 601 3 595
t 602 3 600
t 603 1 590
t 603 2 604
t 603 3 600
t 604 1 601
t 604 3 597
t 605 3 603
t 606 1 589
t 606 2 607
t 606 3 603
t 607 1 604
t 607 3 600
t 608 3 606
t 609 1 588
t 609 2 610
t 609 3 606
t 610 1 607
t 610 3 603
t 611 3 609
t 612 1 587
t 612 2 613
t 612 3 609
t 613 1 610
t 613 3 606
t 614 3 612
t 615 1 586
t 615 2 616
t 615 3 612
t 616 1 613
t 616 3 609
t 617 0 223
t 617 1 240
t 617 2 236
t 617 3 618
t 617 4 181
t 618 0 237
t 618 1 586
t 618 2 616
t 618 3 612
t 618 4 155
t 619 0 238
t 619 1 585
t 619 2 620
t 619 3 615
t 619 4 181
t 620 0 212
t 620 1 616
t 620 2 212
t 620 3 612
t 620 4 155
t 621 0 227
t 621 1 622
t 621 2 239
t 621 3 624
t 621 4 207
t 622 0 203
t 622 1 623
t 622 2 236
t 622 3 618
t 622 4 181
t 623 1 616
t 623 3 612
t 624 0 625
t 624 1 626
t 624 2 623
t 624 3 615
t 624 4 181
t 625 0 242
t 625 1 198
t 625 4 155
t 626 0 237
t 626 1 586
t 626 2 611
t 626 3 612
t 626 4 155
t 627 0 628
t 627 1 630
t 627 2 632
t 627 3 634
t 627 4 207
t 628 0 244
t 628 1 629
t 628 2 217
t 628 4 181
t 629 2 191
t 629 4 155
t 630 0 246
t 630 1 585
t 630 2 631
t 630 3 615
t 630 4 181
t 631 0 218
t 631 1 220
t 631 2 191
t 631 3 612
t 631 4 155
t 632 0 244
t 632 1 633
t 632 2 217
t 632 3 615
t 632 4 181
t 633 0 220
t 633 1 616
t 633 2 191
t 633 3 612
t 633 4 155
t 634 1 585
t 634 2 623
t 634 3 615
t 635 0 636
t 635 1 638
t 635 2 770
t 635 3 786
t 635 4 794
t 636 0 637
t 636 1 418
t 636 2 420
t 636 3 429
t 636 4 439
t 637 0 583
t 637 2 222
t 637 3 225
t 637 4 207
t 638 0 248
t 638 1 639
t 638 2 757
t 638 3 762
t 638 4 766
t 639 0 419
t 639 1 640
t 639 2 744
t 639 3 749
t 639 4 753
t 640 0 250
t 640 1 641
t 640 2 731
t 640 3 736
t 640 4 740
t 641 0 379
t 641 1 642
t 641 2 718
t 641 3 723
t 641 4 727
t 642 0 252
t 642 1 643
t 642 2 705
t 642 3 710
t 642 4 714
t 643 0 339
t 643 1 644
t 643 2 692
t 643 3 697
t 643 4 701
t 644 0 254
t 644 1 645
t 644 2 679
t 644 3 684
t 644 4 688
t 645 0 299
t 645 1 646
t 645 2 666
t 645 3 671
t 645 4 675
t 646 0 256
t 646 1 647
t 646 2 655
t 646 3 659
t 646 4 663
t 647 0 270
t 647 1 648
t 647 2 650
t 647 3 652
t 647 4 654
t 648 0 258
t 648 1 260
t 648 2 278
t 648 3 260
t 648 4 649
t 649 0 259
t 649 2 259
t 649 3 259
t 650 0 261
t 650 3 260
t 650 4 651
t 651 0 259
t 651 3 259
t 652 0 258
t 652 1 260
t 652 2 266
t 652 3 260
t 652 4 653
t 653 0 259
t 653 2 259
t 654 0 262
t 654 2 651
t 654 3 649
t 655 0 263
t 655 3 656
t 655 4 658
t 656 0 258
t 656 1 260
t 656 2 266
t 656 3 260
t 656 4 657
t 657 0 259
t 658 0 264
t 658 3 651
t 659 0 275
t 659 1 660
t 659 2 661
t 659 3 652
t 659 4 662
t 660 0 258
t 660 1 260
t 660 2 278
t 660 3 260
t 660 4 653
t 661 0 276
t 661 1 266
t 661 3 260
t 661 4 657
t 662 0 267
t 662 2 657
t 663 0 664
t 663 2 665
t 663 3 654
t 664 2 264
t 664 3 649
t 665 0 264
t 665 3 649
t 666 0 271
t 666 3 667
t 666 4 669
t 667 0 284
t 667 1 668
t 667 2 661
t 667 3 656
t 668 0 258
t 668 1 260
t 668 2 278
t 668 3 260
t 668 4 657
t 669 0 670
t 669 3 658
t 670 3 651
t 671 0 288
t 671 1 672
t 671 2 674
t 671 3 659
t 672 0 292
t 672 1 660
t 672 2 673
t 672 3 652
t 672 4 662
t 673 0 261
t 673 3 260
t 673 4 657
t 674 0 295
t 674 1 661
t 674 3 656
t 675 0 676
t 675 2 678
t 675 3 663
t 676 2 677
t 676 3 654
t 677 3 649
t 678 0 677
t 678 3 654
t 679 0 282
t 679 3 680
t 679 4 682
t 680 0 302
t 680 1 681
t 680 2 674
t 680 3 667
t 681 0 305
t 681 1 668
t 681 2 673
t 681 3 656
t 682 0 683
t 682 3 669
t 683 3 658
t 684 0 308
t 684 1 685
t 684 2 687
t 684 3 671
t 685 0 313
t 685 1 672
t 685 2 686
t 685 3 659
t 686 0 310
t 686 3 656
t 687 0 316
t 687 1 674
t 687 3 667
t 688 0 689
t 688 2 691
t 688 3 675
t 689 2 690
t 689 3 663
t 690 3 654
t 691 0 690
t 691 3 663
t 692 0 300
t 692 3 693
t 692 4 695
t 693 0 321
t 693 1 694
t 693 2 687
t 693 3 680
t 694 0 324
t 694 1 681
t 694 2 686
t 694 3 667
t 695 0 696
t 695 3 682
t 696 3 669
t 697 0 327
t 697 1 698
t 697 2 700
t 697 3 684
t 698 0 332
t 698 1 685
t 698 2 699
t 698 3 671
t 699 0 329
t 699 3 667
t 700 0 335
t 700 1 687
t 700 3 680
t 701 0 702
t 701 2 704
t 701 3 688
t 702 2 703
t 702 3 675
t 703 3 663
t 704 0 703
t 704 3 675
t 705 0 319
t 705 3 706
t 705 4 708
t 706 0 342
t 706 1 707
t 706 2 700
t 706 3 693
t 707 0 345
t 707 1 694
t 707 2 699
t 707 3 680
t 708 0 709
t 708 3 695
t 709 3 682
t 710 0 348
t 710 1 711
t 710 2 713
t 710 3 697
t 711 0 353
t 711 1 698
t 711 2 712
t 711 3 684
t 712 0 350
t 712 3 680
t 713 0 356
t 713 1 700
t 713 3 693
t 714 0 715
t 714 2 717
t 714 3 701
t 715 2 716
t 715 3 688
t 716 3 675
t 717 0 716
t 717 3 688
t 718 0 340
t 718 3 719
t 718 4 721
t 719 0 361
t 719 1 720
t 719 2 713
t 719 3 706
t 720 0 364
t 720 1 707
t 720 2 712
t 720 3 693
t 721 0 722
t 721 3 708
t 722 3 695
t 723 0 367
t 723 1 724
t 723 2 726
t 723 3 710
t 724 0 372
t 724 1 711
t 724 2 725
t 724 3 697
t 725 0 369
t 725 3 693
t 726 0 375
t 726 1 713
t 726 3 706
t 727 0 728
t 727 2 730
t 727 3 714
t 728 2 729
t 728 3 701
t 729 3 688
t 730 0 729
t 730 3 701
t 731 0 359
t 731 3 732
t 731 4 734
t 732 0 382
t 732 1 733
t 732 2 726
t 732 3 719
t 733 0 385
t 733 1 720
t 733 2 725
t 733 3 706
t 734 0 735
t 734 3 721
t 735 3 708
t 736 0 388
t 736 1 737
t 736 2 739
t 736 3 723
t 737 0 393
t 737 1 724
t 737 2 738
t 737 3 710
t 738 0 390
t 738 3 706
t 739 0 396
t 739 1 726
t 739 3 719
t 740 0 741
t 740 2 743
t 740 3 727
t 741 2 742
t 741 3 714
t 742 3 701
t 743 0 742
t 743 3 714
t 744 0 380
t 744 3 745
t 744 4 747
t 745 0 401
t 745 1 746
t 745 2 739
t 745 3 732
t 746 0 404
t 746 1 733
t 746 2 738
t 746 3 719
t 747 0 748
t 747 3 734
t 748 3 721
t 749 0 407
t 749 1 750
t 749 2 752
t 749 3 736
t 750 0 412
t 750 1 737
t 750 2 751
t 750 3 723
t 751 0 409
t 751 3 719
t 752 0 415
t 752 1 739
t 752 3 732
t 753 0 754
t 753 2 756
t 753 3 740
t 754 2 755
t 754 3 727
t 755 3 714
t 756 0 755
t 756 3 727
t 757 0 399
t 757 3 758
t 757 4 760
t 758 0 423
t 758 1 759
t 758 2 752
t 758 3 745
t 759 0 426
t 759 1 746
t 759 2 751
t 759 3 732
t 760 0 761
t 760 3 747
t 761 3 734
t 762 0 430
t 762 1 763
t 762 2 765
t 762 3 749
t 763 0 435
t 763 1 750
t 763 2 764
t 763 3 736
t 764 0 432
t 764 3 732
t 765 0 438
t 765 1 752
t 765 3 745
t 766 0 767
t 766 2 769
t 766 3 753
t 767 2 768
t 767 3 740
t 768 3 727
t 769 0 768
t 769 3 740
t 770 0 771
t 770 1 772
t 770 2 776
t 770 3 778
t 770 4 781
t 771 0 421
t 771 1 446
t 771 2 222
t 771 3 422
t 771 4 427
t 772 0 229
t 772 2 773
t 772 3 775
t 772 4 207
t 773 0 223
t 773 1 240
t 773 2 236
t 773 3 774
t 773 4 181
t 774 0 237
t 774 4 155
t 775 0 774
t 775 4 181
t 776 0 421
t 776 1 777
t 776 2 773
t 776 3 775
t 776 4 207
t 777 0 203
t 777 2 236
t 777 3 774
t 777 4 181
t 778 0 779
t 778 1 780
t 778 2 765
t 778 3 758
t 778 4 207
t 779 0 774
t 779 1 459
t 779 2 433
t 779 3 400
t 779 4 181
t 780 0 505
t 780 1 759
t 780 2 764
t 780 3 745
t 781 0 782
t 781 1 234
t 781 2 239
t 781 3 784
t 781 4 207
t 782 0 5
t 782 1 169
t 782 2 174
t 782 3 783
t 782 4 181
t 783 0 748
t 783 1 180
t 783 2 153
t 783 3 734
t 783 4 155
t 784 0 785
t 784 1 246
t 784 2 217
t 784 3 747
t 784 4 181
t 785 0 218
t 785 1 245
t 785 2 191
t 785 3 734
t 785 4 155
t 786 0 787
t 786 1 790
t 786 2 792
t 786 3 762
t 786 4 233
t 787 0 788
t 787 1 531
t 787 2 789
t 787 3 406
t 787 4 207
t 788 0 238
t 788 2 238
t 788 4 181
t 789 0 238
t 789 1 433
t 789 2 238
t 789 3 400
t 789 4 181
t 790 0 570
t 790 1 763
t 790 2 791
t 790 3 749
t 791 0 532
t 791 3 745
t 792 0 793
t 792 1 765
t 792 2 788
t 792 3 758
t 792 4 207
t 793 0 238
t 793 1 414
t 793 2 238
t 793 3 400
t 793 4 181
t 794 0 795
t 794 1 800
t 794 2 801
t 794 3 805
t 794 4 233
t 795 0 4
t 795 1 195
t 795 2 796
t 795 3 798
t 795 4 207
t 796 0 201
t 796 1 203
t 796 2 174
t 796 3 797
t 796 4 181
t 797 0 741
t 797 1 198
t 797 2 743
t 797 3 727
t 797 4 155
t 798 0 754
t 798 1 206
t 798 2 799
t 798 3 740
t 798 4 181
t 799 0 755
t 799 1 180
t 799 2 153
t 799 3 727
t 799 4 155
t 800 0 583
t 800 2 773
t 800 3 788
t 800 4 207
t 801 0 802
t 801 1 777
t 801 2 239
t 801 3 803
t 801 4 207
t 802 0 201
t 802 1 228
t 802 2 174
t 802 3 797
t 802 4 181
t 803 0 804
t 803 1 774
t 803 2 756
t 803 3 740
t 803 4 181
t 804 0 242
t 804 1 198
t 804 2 755
t 804 3 727
t 804 4 155
t 805 0 806
t 805 1 808
t 805 2 809
t 805 3 753
t 805 4 207
t 806 0 244
t 806 1 629
t 806 2 807
t 806 3 740
t 806 4 181
t 807 0 218
t 807 1 220
t 807 2 191
t 807 3 727
t 807 4 155
t 808 0 246
t 808 2 217
t 808 4 181
t 809 0 810
t 809 1 246
t 809 2 217
t 809 3 740
t 809 4 181
t 810 0 218
t 810 1 245
t 810 2 191
t 810 3 727
t 810 4 155
t 811 0 812
t 811 1 832
t 811 2 844
t 811 3 849
t 811 4 897
t 812 0 445
t 812 1 813
t 812 2 226
t 812 3 457
t 812 4 515
t 813 0 814
t 813 1 830
t 813 2 222
t 813 3 422
t 813 4 427
t 814 1 815
t 814 3 400
t 814 4 405
t 815 0 816
t 815 1 828
t 815 3 381
t 815 4 386
t 816 1 817
t 816 3 360
t 816 4 365
t 817 0 818
t 817 1 826
t 817 3 341
t 817 4 346
t 818 1 819
t 818 3 320
t 818 4 325
t 819 0 820
t 819 1 824
t 819 3 301
t 819 4 306
t 820 1 821
t 820 3 283
t 820 4 286
t 821 0 822
t 821 1 823
t 821 3 272
t 821 4 273
t 822 1 266
t 822 3 260
t 822 4 264
t 823 0 276
t 823 1 266
t 823 3 260
t 823 4 264
t 824 0 825
t 824 1 821
t 824 3 283
t 824 4 286
t 825 1 823
t 825 3 272
t 825 4 273
t 826 0 827
t 826 1 819
t 826 3 320
t 826 4 325
t 827 1 824
t 827 3 301
t 827 4 306
t 828 0 829
t 828 1 817
t 828 3 360
t 828 4 365
t 829 1 826
t 829 3 341
t 829 4 346
t 830 0 831
t 830 1 815
t 830 3 400
t 830 4 405
t 831 1 828
t 831 3 381
t 831 4 386
t 832 0 833
t 832 1 834
t 832 2 776
t 832 3 778
t 832 4 781
t 833 0 229
t 833 1 830
t 833 2 222
t 833 3 422
t 833 4 427
t 834 0 814
t 834 1 835
t 834 3 758
t 834 4 760
t 835 0 831
t 835 1 836
t 835 3 745
t 835 4 747
t 836 0 816
t 836 1 837
t 836 3 732
t 836 4 734
t 837 0 829
t 837 1 838
t 837 3 719
t 837 4 721
t 838 0 818
t 838 1 839
t 838 3 706
t 838 4 708
t 839 0 827
t 839 1 840
t 839 3 693
t 839 4 695
t 840 0 820
t 840 1 841
t 840 3 680
t 840 4 682
t 841 0 825
t 841 1 842
t 841 3 667
t 841 4 669
t 842 0 822
t 842 1 843
t 842 3 656
t 842 4 658
t 843 0 276
t 843 1 266
t 843 3 260
t 843 4 651
t 844 0 445
t 844 1 772
t 844 2 845
t 844 3 847
t 844 4 233
t 845 0 227
t 845 1 777
t 845 2 239
t 845 3 846
t 845 4 207
t 846 0 625
t 846 1 774
t 846 4 181
t 847 0 848
t 847 1 775
t 847 4 207
t 848 0 625
t 848 1 224
t 848 4 181
t 849 0 850
t 849 1 852
t 849 2 854
t 849 3 890
t 849 4 892
t 850 0 848
t 850 1 851
t 850 2 533
t 850 3 508
t 850 4 513
t 851 0 505
t 851 1 459
t 851 2 532
t 851 3 400
t 851 4 181
t 852 0 853
t 852 1 780
t 852 2 791
t 852 3 758
t 852 4 207
t 853 0 774
t 853 1 459
t 853 2 532
t 853 3 400
t 853 4 181
t 854 0 573
t 854 1 765
t 854 3 855
t 854 4 888
t 855 0 509
t 855 1 759
t 855 2 856
t 855 3 884
t 855 4 886
t 856 0 512
t 856 1 739
t 856 3 857
t 856 4 882
t 857 0 462
t 857 1 733
t 857 2 858
t 857 3 878
t 857 4 880
t 858 0 490
t 858 1 713
t 858 3 859
t 858 4 876
t 859 0 484
t 859 1 707
t 859 2 860
t 859 3 872
t 859 4 874
t 860 0 487
t 860 1 687
t 860 3 861
t 860 4 870
t 861 0 477
t 861 1 681
t 861 2 862
t 861 3 866
t 861 4 868
t 862 0 480
t 862 1 661
t 862 3 863
t 862 4 865
t 863 0 258
t 863 1 260
t 863 2 266
t 863 3 260
t 863 4 864
t 864 0 259
t 864 1 259
t 865 0 468
t 865 1 864
t 866 0 471
t 866 1 668
t 866 2 867
t 866 3 863
t 866 4 865
t 867 0 276
t 867 1 266
t 867 3 260
t 867 4 864
t 868 0 869
t 868 1 865
t 869 1 864
t 870 0 871
t 870 1 868
t 871 1 865
t 872 0 465
t 872 1 694
t 872 2 873
t 872 3 861
t 872 4 870
t 873 0 475
t 873 1 674
t 873 3 866
t 873 4 868
t 874 0 875
t 874 1 870
t 875 1 868
t 876 0 877
t 876 1 874
t 877 1 870
t 878 0 492
t 878 1 720
t 878 2 879
t 878 3 859
t 878 4 876
t 879 0 495
t 879 1 700
t 879 3 872
t 879 4 874
t 880 0 881
t 880 1 876
t 881 1 874
t 882 0 883
t 882 1 880
t 883 1 876
t 884 0 499
t 884 1 746
t 884 2 885
t 884 3 857
t 884 4 882
t 885 0 502
t 885 1 726
t 885 3 878
t 885 4 880
t 886 0 887
t 886 1 882
t 887 1 880
t 888 0 889
t 888 1 886
t 889 1 882
t 890 0 458
t 890 1 780
t 890 2 891
t 890 3 855
t 890 4 888
t 891 0 507
t 891 1 752
t 891 3 884
t 891 4 886
t 892 0 893
t 892 1 895
t 892 2 239
t 892 3 243
t 892 4 207
t 893 0 5
t 893 1 894
t 893 2 174
t 893 3 179
t 893 4 181
t 894 0 887
t 894 1 882
t 894 2 170
t 894 3 173
t 894 4 155
t 895 0 896
t 895 1 886
t 895 2 236
t 895 3 238
t 895 4 181
t 896 0 209
t 896 1 882
t 896 2 170
t 896 3 173
t 896 4 155
t 897 0 898
t 897 1 920
t 897 2 845
t 897 3 925
t 897 4 233
t 898 0 4
t 898 1 899
t 898 2 200
t 898 3 918
t 898 4 207
t 899 0 900
t 899 1 915
t 899 2 196
t 899 3 917
t 899 4 181
t 900 1 901
t 900 3 901
t 901 0 902
t 901 1 913
t 901 3 913
t 902 1 903
t 902 3 903
t 903 0 904
t 903 1 911
t 903 3 911
t 904 1 905
t 904 3 905
t 905 0 906
t 905 1 909
t 905 3 909
t 906 1 907
t 906 3 907
t 907 0 525
t 907 1 908
t 907 3 908
t 908 0 259
t 908 1 259
t 908 3 259
t 909 0 910
t 909 1 907
t 909 3 907
t 910 1 908
t 910 3 908
t 911 0 912
t 911 1 905
t 911 3 905
t 912 1 909
t 912 3 909
t 913 0 914
t 913 1 903
t 913 3 903
t 914 1 911
t 914 3 911
t 915 0 916
t 915 1 901
t 915 3 901
t 916 1 913
t 916 3 913
t 917 0 916
t 917 1 901
t 917 2 173
t 917 3 901
t 917 4 155
t 918 0 900
t 918 1 919
t 918 2 179
t 918 3 915
t 918 4 181
t 919 0 916
t 919 1 901
t 919 2 153
t 919 3 901
t 919 4 155
t 920 0 921
t 920 1 922
t 920 2 773
t 920 3 923
t 920 4 207
t 921 0 235
t 921 1 915
t 921 2 196
t 921 3 917
t 921 4 181
t 922 0 900
t 922 1 915
t 922 3 915
t 923 0 924
t 923 1 915
t 923 2 238
t 923 3 915
t 923 4 181
t 924 0 212
t 924 1 901
t 924 2 212
t 924 3 901
t 924 4 155
t 925 0 926
t 925 1 928
t 925 2 243
t 925 3 922
t 925 4 207
t 926 0 244
t 926 1 927
t 926 2 217
t 926 3 915
t 926 4 181
t 927 0 916
t 927 1 901
t 927 2 191
t 927 3 901
t 927 4 155
t 928 0 929
t 928 1 915
t 928 2 217
t 928 3 915
t 928 4 181
t 929 0 220
t 929 1 901
t 929 2 191
t 929 3 901
t 929 4 155
t 930 0 931
t 930 1 938
t 930 2 942
t 930 3 948
t 930 4 1004
t 931 0 932
t 931 1 934
t 931 2 936
t 931 3 575
t 931 4 577
t 932 0 628
t 932 1 933
t 932 2 243
t 932 4 207
t 933 2 217
t 933 4 181
t 934 0 570
t 934 1 531
t 934 2 935
t 934 3 406
t 934 4 207
t 935 0 244
t 935 1 246
t 935 2 217
t 935 3 400
t 935 4 181
t 936 0 628
t 936 1 937
t 936 2 243
t 936 3 508
t 936 4 513
t 937 0 246
t 937 1 433
t 937 2 217
t 937 3 400
t 937 4 181
t 938 0 939
t 938 1 790
t 938 2 940
t 938 3 762
t 938 4 233
t 939 0 808
t 939 1 531
t 939 2 935
t 939 3 406
t 939 4 207
t 940 0 941
t 940 1 808
t 940 2 243
t 940 3 758
t 940 4 207
t 941 0 244
t 941 1 629
t 941 2 217
t 941 3 400
t 941 4 181
t 942 0 943
t 942 1 945
t 942 2 947
t 942 3 890
t 942 4 892
t 943 0 628
t 943 1 944
t 943 2 243
t 943 3 508
t 943 4 513
t 944 0 438
t 944 1 414
t 944 2 217
t 944 3 400
t 944 4 181
t 945 0 946
t 945 1 765
t 945 2 243
t 945 3 758
t 945 4 207
t 946 0 246
t 946 1 414
t 946 2 217
t 946 3 400
t 946 4 181
t 947 0 628
t 947 1 808
t 947 2 243
t 947 4 207
t 948 0 530
t 948 1 790
t 948 2 854
t 948 3 949
t 948 4 999
t 949 0 576
t 949 1 763
t 949 2 891
t 949 3 950
t 949 4 994
t 950 0 535
t 950 1 750
t 950 2 856
t 950 3 951
t 950 4 989
t 951 0 564
t 951 1 737
t 951 2 885
t 951 3 952
t 951 4 984
t 952 0 537
t 952 1 724
t 952 2 858
t 952 3 953
t 952 4 979
t 953 0 558
t 953 1 711
t 953 2 879
t 953 3 954
t 953 4 974
t 954 0 539
t 954 1 698
t 954 2 860
t 954 3 955
t 954 4 969
t 955 0 552
t 955 1 685
t 955 2 873
t 955 3 956
t 955 4 964
t 956 0 541
t 956 1 672
t 956 2 862
t 956 3 957
t 956 4 961
t 957 0 546
t 957 1 660
t 957 2 867
t 957 3 958
t 957 4 960
t 958 0 258
t 958 1 260
t 958 2 266
t 958 3 260
t 958 4 959
t 959 0 259
t 959 1 259
t 959 2 259
t 960 0 543
t 960 1 959
t 960 2 864
t 961 0 962
t 961 1 963
t 961 2 865
t 962 1 959
t 962 2 468
t 963 0 543
t 963 1 959
t 963 2 657
t 964 0 965
t 964 1 967
t 964 2 868
t 965 1 966
t 965 2 469
t 966 0 543
t 966 1 959
t 967 0 968
t 967 1 963
t 968 1 959
t 969 0 970
t 969 1 972
t 969 2 870
t 970 1 971
t 970 2 473
t 971 0 968
t 971 1 966
t 972 0 973
t 972 1 967
t 973 1 966
t 974 0 975
t 974 1 977
t 974 2 874
t 975 1 976
t 975 2 481
t 976 0 973
t 976 1 971
t 977 0 978
t 977 1 972
t 978 1 971
t 979 0 980
t 979 1 982
t 979 2 876
t 980 1 981
t 980 2 482
t 981 0 978
t 981 1 976
t 982 0 983
t 982 1 977
t 983 1 976
t 984 0 985
t 984 1 987
t 984 2 880
t 985 1 986
t 985 2 488
t 986 0 983
t 986 1 981
t 987 0 988
t 987 1 982
t 988 1 981
t 989 0 990
t 989 1 992
t 989 2 882
t 990 1 991
t 990 2 496
t 991 0 988
t 991 1 986
t 992 0 993
t 992 1 987
t 993 1 986
t 994 0 995
t 994 1 997
t 994 2 886
t 995 1 996
t 995 2 497
t 996 0 993
t 996 1 991
t 997 0 998
t 997 1 992
t 998 1 991
t 999 0 1000
t 999 1 1002
t 999 2 888
t 1000 1 1001
t 1000 2 503
t 1001 0 998
t 1001 1 996
t 1002 0 1003
t 1002 1 997
t 1003 1 996
t 1004 0 1005
t 1004 1 1009
t 1004 2 1011
t 1004 3 947
t 1004 4 233
t 1005 0 4
t 1005 1 1006
t 1005 2 1007
t 1005 3 205
t 1005 4 207
t 1006 0 1003
t 1006 1 1001
t 1006 2 196
t 1006 3 199
t 1006 4 181
t 1007 0 201
t 1007 1 1008
t 1007 2 174
t 1007 3 204
t 1007 4 181
t 1008 0 177
t 1008 1 497
t 1008 2 170
t 1008 3 198
t 1008 4 155
t 1009 0 1010
t 1009 1 1002
t 1009 2 773
t 1009 3 788
t 1009 4 207
t 1010 0 235
t 1010 1 1001
t 1010 2 196
t 1010 3 199
t 1010 4 181
t 1011 0 1012
t 1011 1 1014
t 1011 2 239
t 1011 3 846
t 1011 4 207
t 1012 0 201
t 1012 1 1013
t 1012 2 174
t 1012 3 204
t 1012 4 181
t 1013 0 887
t 1013 1 882
t 1013 2 170
t 1013 3 198
t 1013 4 155
t 1014 0 1015
t 1014 1 886
t 1014 2 236
t 1014 3 774
t 1014 4 181
t 1015 0 177
t 1015 1 882
t 1015 2 170
t 1015 3 198
t 1015 4 155
t 1016 0 1017
t 1016 1 1116
t 1016 2 1131
t 1016 3 1142
t 1016 4 1158
t 1017 0 3
t 1017 1 1018
t 1017 2 1102
t 1017 3 1108
t 1017 4 233
t 1018 0 1019
t 1018 1 1091
t 1018 2 1093
t 1018 3 1095
t 1018 4 207
t 1019 1 1020
t 1019 2 1083
t 1019 3 1084
t 1020 0 1021
t 1020 1 1073
t 1020 2 1075
t 1020 3 1076
t 1021 1 1022
t 1021 2 1065
t 1021 3 1066
t 1022 0 1023
t 1022 1 1055
t 1022 2 1057
t 1022 3 1058
t 1023 1 1024
t 1023 2 1047
t 1023 3 1048
t 1024 0 1025
t 1024 1 1037
t 1024 2 1039
t 1024 3 1040
t 1025 1 1026
t 1025 2 1032
t 1025 3 1033
t 1026 0 1027
t 1026 1 1029
t 1026 2 1030
t 1026 3 1031
t 1027 1 1028
t 1027 2 264
t 1027 3 1028
t 1028 0 259
t 1028 1 259
t 1028 2 259
t 1028 3 259
t 1029 0 593
t 1029 1 1028
t 1029 2 264
t 1029 3 1028
t 1030 3 1028
t 1031 0 593
t 1031 1 1028
t 1031 2 908
t 1031 3 1028
t 1032 3 1031
t 1033 0 1034
t 1033 1 1035
t 1033 2 1036
t 1033 3 1031
t 1034 1 1028
t 1034 2 525
t 1034 3 1028
t 1035 0 593
t 1035 1 1028
t 1035 2 651
t 1035 3 1028
t 1036 0 525
t 1036 1 908
t 1036 3 1028
t 1037 0 1038
t 1037 1 1026
t 1037 2 1032
t 1037 3 1033
t 1038 1 1029
t 1038 2 1030
t 1038 3 1031
t 1039 3 1033
t 1040 0 1041
t 1040 1 1043
t 1040 2 1045
t 1040 3 1033
t 1041 1 1029
t 1041 2 1042
t 1041 3 1031
t 1042 1 525
t 1042 3 1028
t 1043 0 1027
t 1043 1 1035
t 1043 2 1044
t 1043 3 1031
t 1044 0 264
t 1044 3 1028
t 1045 0 1046
t 1045 1 1036
t 1045 3 1031
t 1046 1 908
t 1046 3 1028
t 1047 3 1040
t 1048 0 1049
t 1048 1 1051
t 1048 2 1053
t 1048 3 1040
t 1049 1 1026
t 1049 2 1050
t 1049 3 1033
t 1050 1 1042
t 1050 3 1031
t 1051 0 1038
t 1051 1 1043
t 1051 2 1052
t 1051 3 1033
t 1052 0 1030
t 1052 3 1031
t 1053 0 1054
t 1053 1 1045
t 1053 3 1033
t 1054 1 1036
t 1054 3 1031
t 1055 0 1056
t 1055 1 1024
t 1055 2 1047
t 1055 3 1048
t 1056 1 1037
t 1056 2 1039
t 1056 3 1040
t 1057 3 1048
t 1058 0 1059
t 1058 1 1061
t 1058 2 1063
t 1058 3 1048
t 1059 1 1037
t 1059 2 1060
t 1059 3 1040
t 1060 1 1050
t 1060 3 1033
t 1061 0 1025
t 1061 1 1051
t 1061 2 1062
t 1061 3 1040
t 1062 0 1032
t 1062 3 1033
t 1063 0 1064
t 1063 1 1053
t 1063 3 1040
t 1064 1 1045
t 1064 3 1033
t 1065 3 1058
t 1066 0 1067
t 1066 1 1069
t 1066 2 1071
t 1066 3 1058
t 1067 1 1024
t 1067 2 1068
t 1067 3 1048
t 1068 1 1060
t 1068 3 1040
t 1069 0 1056
t 1069 1 1061
t 1069 2 1070
t 1069 3 1048
t 1070 0 1039
t 1070 3 1040
t 1071 0 1072
t 1071 1 1063
t 1071 3 1048
t 1072 1 1053
t 1072 3 1040
t 1073 0 1074
t 1073 1 1022
t 1073 2 1065
t 1073 3 1066
t 1074 1 1055
t 1074 2 1057
t 1074 3 1058
t 1075 3 1066
t 1076 0 1077
t 1076 1 1079
t 1076 2 1081
t 1076 3 1066
t 1077 1 1055
t 1077 2 1078
t 1077 3 1058
t 1078 1 1068
t 1078 3 1048
t 1079 0 1023
t 1079 1 1069
t 1079 2 1080
t 1079 3 1058
t 1080 0 1047
t 1080 3 1048
t 1081 0 1082
t 1081 1 1071
t 1081 3 1058
t 1082 1 1063
t 1082 3 1048
t 1083 3 1076
t 1084 0 1085
t 1084 1 1087
t 1084 2 1089
t 1084 3 1076
t 1085 1 1022
t 1085 2 1086
t 1085 3 1066
t 1086 1 1078
t 1086 3 1058
t 1087 0 1074
t 1087 1 1079
t 1087 2 1088
t 1087 3 1066
t 1088 0 1057
t 1088 3 1058
t 1089 0 1090
t 1089 1 1081
t 1089 3 1066
t 1090 1 1071
t 1090 3 1058
t 1091 0 1092
t 1091 1 1020
t 1091 2 1083
t 1091 3 1084
t 1092 1 1073
t 1092 2 1075
t 1092 3 1076
t 1093 0 223
t 1093 1 203
t 1093 2 196
t 1093 3 1094
t 1093 4 181
t 1094 0 1085
t 1094 1 1087
t 1094 2 1089
t 1094 3 1076
t 1094 4 155
t 1095 0 1096
t 1095 1 1098
t 1095 2 1100
t 1095 3 1084
t 1095 4 181
t 1096 1 1073
t 1096 2 1097
t 1096 3 1076
t 1097 1 1086
t 1097 3 1066
t 1098 0 1021
t 1098 1 1087
t 1098 2 1099
t 1098 3 1076
t 1099 0 1065
t 1099 3 1066
t 1100 0 1101
t 1100 1 1089
t 1100 2 173
t 1100 3 1076
t 1100 4 155
t 1101 1 1081
t 1101 3 1066
t 1102 0 227
t 1102 1 1103
t 1102 2 200
t 1102 3 1105
t 1102 4 207
t 1103 0 203
t 1103 1 1104
t 1103 2 196
t 1103 3 1094
t 1103 4 181
t 1104 1 1097
t 1104 3 1076
t 1105 0 1096
t 1105 1 1106
t 1105 2 1107
t 1105 3 1084
t 1105 4 181
t 1106 0 1021
t 1106 1 1087
t 1106 2 1099
t 1106 3 1076
t 1106 4 155
t 1107 0 1101
t 1107 1 1089
t 1107 3 1076
t 1108 0 1109
t 1108 1 1110
t 1108 2 1112
t 1108 3 1115
t 1108 4 207
t 1109 1 1020
t 1109 2 1104
t 1109 3 1084
t 1110 0 1092
t 1110 1 1098
t 1110 2 1111
t 1110 3 1084
t 1110 4 181
t 1111 0 1075
t 1111 1 180
t 1111 2 153
t 1111 3 1076
t 1111 4 155
t 1112 0 1113
t 1112 1 1114
t 1112 2 179
t 1112 3 1084
t 1112 4 181
t 1113 1 1089
t 1113 3 1076
t 1114 0 1101
t 1114 1 1089
t 1114 2 153
t 1114 3 1076
t 1114 4 155
t 1115 0 1096
t 1115 1 1098
t 1115 2 1107
t 1115 3 1084
t 1116 0 1117
t 1116 1 1118
t 1116 2 1122
t 1116 3 1126
t 1116 4 233
t 1117 0 583
t 1117 1 1091
t 1117 2 1093
t 1117 3 1095
t 1117 4 207
t 1118 0 1019
t 1118 1 1119
t 1118 2 1121
t 1118 3 1115
t 1119 0 1092
t 1119 1 1098
t 1119 2 1120
t 1119 3 1084
t 1120 0 1075
t 1120 3 1076
t 1121 0 1083
t 1121 3 1084
t 1122 0 1123
t 1122 1 777
t 1122 2 773
t 1122 3 1124
t 1122 4 207
t 1123 0 223
t 1123 1 228
t 1123 2 196
t 1123 3 1094
t 1123 4 181
t 1124 0 1125
t 1124 1 1098
t 1124 2 1107
t 1124 3 1084
t 1124 4 181
t 1125 0 237
t 1125 1 1073
t 1125 2 1097
t 1125 3 1076
t 1125 4 155
t 1126 0 1127
t 1126 1 1119
t 1126 2 1129
t 1126 3 1115
t 1126 4 207
t 1127 0 238
t 1127 1 1020
t 1127 2 1128
t 1127 3 1084
t 1127 4 181
t 1128 0 212
t 1128 1 1097
t 1128 2 212
t 1128 3 1076
t 1128 4 155
t 1129 0 1130
t 1129 1 1107
t 1129 2 238
t 1129 3 1084
t 1129 4 181
t 1130 0 212
t 1130 1 1089
t 1130 2 212
t 1130 3 1076
t 1130 4 155
t 1131 0 1132
t 1131 1 1134
t 1131 2 845
t 1131 3 1137
t 1131 4 233
t 1132 0 227
t 1132 1 1133
t 1132 2 200
t 1132 3 1105
t 1132 4 207
t 1133 0 1113
t 1133 1 1107
t 1133 2 196
t 1133 3 1094
t 1133 4 181
t 1134 0 1135
t 1134 1 1136
t 1134 2 773
t 1134 3 1124
t 1134 4 207
t 1135 0 203
t 1135 1 1107
t 1135 2 196
t 1135 3 1094
t 1135 4 181
t 1136 0 1113
t 1136 1 1107
t 1136 3 1084
t 1137 0 1138
t 1137 1 1140
t 1137 2 1136
t 1137 3 1115
t 1137 4 207
t 1138 0 625
t 1138 1 1139
t 1138 2 1104
t 1138 3 1084
t 1138 4 181
t 1139 0 1021
t 1139 1 1073
t 1139 2 1075
t 1139 3 1076
t 1139 4 155
t 1140 0 1141
t 1140 1 1098
t 1140 2 1120
t 1140 3 1084
t 1140 4 181
t 1141 0 237
t 1141 1 1073
t 1141 2 1075
t 1141 3 1076
t 1141 4 155
t 1142 0 1143
t 1142 1 1148
t 1142 2 1152
t 1142 3 1157
t 1142 4 233
t 1143 0 628
t 1143 1 1144
t 1143 2 1146
t 1143 3 1115
t 1143 4 207
t 1144 0 1092
t 1144 1 1020
t 1144 2 1145
t 1144 3 1084
t 1144 4 181
t 1145 0 218
t 1145 1 220
t 1145 2 191
t 1145 3 1076
t 1145 4 155
t 1146 0 244
t 1146 1 1147
t 1146 2 217
t 1146 3 1084
t 1146 4 181
t 1147 0 220
t 1147 1 1097
t 1147 2 191
t 1147 3 1076
t 1147 4 155
t 1148 0 1149
t 1148 1 1119
t 1148 2 1150
t 1148 3 1115
t 1148 4 207
t 1149 0 246
t 1149 1 1020
t 1149 2 1145
t 1149 3 1084
t 1149 4 181
t 1150 0 1151
t 1150 1 246
t 1150 2 217
t 1150 3 1084
t 1150 4 181
t 1151 0 218
t 1151 1 245
t 1151 2 191
t 1151 3 1076
t 1151 4 155
t 1152 0 1153
t 1152 1 1155
t 1152 2 243
t 1152 3 1115
t 1152 4 207
t 1153 0 244
t 1153 1 1154
t 1153 2 217
t 1153 3 1084
t 1153 4 181
t 1154 0 1101
t 1154 1 1089
t 1154 2 191
t 1154 3 1076
t 1154 4 155
t 1155 0 1156
t 1155 1 1107
t 1155 2 217
t 1155 3 1084
t 1155 4 181
t 1156 0 220
t 1156 1 1089
t 1156 2 191
t 1156 3 1076
t 1156 4 155
t 1157 0 1109
t 1157 1 1119
t 1157 2 1136
t 1157 3 1115
t 1158 0 3
t 1158 1 800
t 1158 2 845
t 1158 3 947
t 1158 4 233
a 14
r 259
