301 5
0
t 0 0 1
t 0 1 116
t 0 2 175
t 0 3 217
t 0 4 252
t 1 0 2
t 1 1 33
t 1 2 64
t 1 3 82
t 1 4 100
t 2 0 3
t 2 1 17
t 2 2 21
t 2 3 25
t 2 4 27
t 3 0 4
t 3 1 9
t 3 2 11
t 3 3 14
t 3 4 15
t 4 0 5
t 4 1 7
t 4 2 5
t 4 3 8
t 4 4 5
t 5 0 6
t 5 1 6
t 5 2 6
t 5 3 6
t 5 4 6
t 7 2 6
t 7 3 6
t 7 4 6
t 8 1 6
t 8 2 6
t 8 4 6
t 9 2 5
t 9 3 10
t 9 4 5
t 10 2 6
t 10 4 6
t 11 0 5
t 11 1 12
t 11 2 5
t 11 3 13
t 11 4 5
t 12 0 6
t 12 2 6
t 12 3 6
t 12 4 6
t 13 1 6
t 13 4 6
t 14 1 10
t 14 2 8
t 14 4 5
t 15 0 5
t 15 1 12
t 15 2 5
t 15 3 16
t 15 4 5
t 16 0 6
t 16 1 6
t 16 2 6
t 16 4 6
t 17 2 18
t 17 3 20
t 17 4 15
t 18 0 5
t 18 1 12
t 18 2 5
t 18 3 19
t 18 4 5
t 19 4 6
t 20 2 10
t 20 4 5
t 21 0 22
t 21 1 23
t 21 2 11
t 21 3 24
t 21 4 15
t 22 0 5
t 22 1 7
t 22 2 5
t 22 3 13
t 22 4 5
t 23 0 12
t 23 2 5
t 23 3 19
t 23 4 5
t 24 1 19
t 24 4 5
t 25 1 26
t 25 2 14
t 25 4 15
t 26 2 8
t 26 4 5
t 27 0 4
t 27 1 28
t 27 2 30
t 27 3 32
t 27 4 15
t 28 0 12
t 28 2 5
t 28 3 29
t 28 4 5
t 29 0 6
t 29 2 6
t 29 4 6
t 30 0 5
t 30 1 12
t 30 2 5
t 30 3 31
t 30 4 5
t 31 0 6
t 31 1 6
t 31 4 6
t 32 0 16
t 32 1 29
t 32 2 16
t 32 4 5
t 33 0 34
t 33 1 47
t 33 2 49
t 33 3 54
t 33 4 60
t 34 1 35
t 34 2 41
t 34 3 43
t 34 4 46
t 35 0 36
t 35 1 38
t 35 2 39
t 35 3 38
t 35 4 40
t 36 1 37
t 36 2 37
t 36 3 37
t 36 4 37
t 38 0 37
t 38 1 37
t 38 2 37
t 38 3 37
t 38 4 37
t 39 3 37
t 39 4 37
t 40 2 37
t 40 3 37
t 41 3 38
t 41 4 42
t 42 3 37
t 43 0 36
t 43 1 38
t 43 2 44
t 43 3 38
t 43 4 45
t 44 0 37
t 44 1 37
t 44 3 37
t 44 4 37
t 45 2 37
t 46 2 42
t 46 3 40
t 47 0 48
t 47 1 35
t 47 2 41
t 47 3 43
t 47 4 46
t 48 1 38
t 48 2 39
t 48 3 38
t 48 4 40
t 49 0 50
t 49 1 23
t 49 2 18
t 49 3 51
t 49 4 52
t 50 0 5
t 50 1 7
t 50 2 5
t 50 3 19
t 50 4 5
t 51 0 36
t 51 1 38
t 51 2 44
t 51 3 38
t 51 4 5
t 52 0 5
t 52 1 12
t 52 2 5
t 52 3 53
t 52 4 5
t 53 0 6
t 53 1 6
t 53 2 6
t 53 3 37
t 53 4 6
t 54 0 55
t 54 1 57
t 54 2 59
t 54 3 43
t 54 4 15
t 55 1 38
t 55 2 56
t 55 3 38
t 55 4 45
t 56 1 37
t 56 3 37
t 56 4 37
t 57 0 36
t 57 1 38
t 57 2 58
t 57 3 38
t 57 4 45
t 58 0 37
t 58 3 37
t 58 4 37
t 59 0 56
t 59 1 44
t 59 2 10
t 59 3 38
t 59 4 5
t 60 0 4
t 60 1 28
t 60 2 61
t 60 3 63
t 60 4 15
t 61 0 5
t 61 1 12
t 61 2 5
t 61 3 62
t 61 4 5
t 62 0 6
t 62 1 6
t 62 2 37
t 62 3 37
t 62 4 6
t 63 0 16
t 63 1 29
t 63 2 53
t 63 3 40
t 63 4 5
t 64 0 65
t 64 1 67
t 64 2 21
t 64 3 69
t 64 4 77
t 65 0 22
t 65 1 66
t 65 2 11
t 65 3 24
t 65 4 15
t 66 2 5
t 66 3 19
t 66 4 5
t 67 0 23
t 67 1 68
t 67 2 18
t 67 3 51
t 67 4 52
t 68 1 56
t 68 3 38
t 68 4 42
t 69 0 70
t 69 1 72
t 69 2 73
t 69 3 74
t 69 4 75
t 70 1 38
t 70 2 56
t 70 3 38
t 70 4 71
t 71 1 37
t 72 0 36
t 72 1 38
t 72 2 58
t 72 3 38
t 72 4 5
t 73 0 56
t 73 1 44
t 73 3 38
t 73 4 71
t 74 0 36
t 74 1 38
t 74 2 44
t 74 3 38
t 74 4 71
t 75 0 5
t 75 1 76
t 75 2 5
t 75 3 16
t 75 4 5
t 76 0 6
t 76 1 37
t 76 2 6
t 76 3 6
t 76 4 6
t 77 0 4
t 77 1 78
t 77 2 30
t 77 3 81
t 77 4 15
t 78 0 12
t 78 1 79
t 78 2 5
t 78 3 80
t 78 4 5
t 79 1 37
t 79 3 37
t 80 0 6
t 80 1 37
t 80 2 6
t 80 3 37
t 80 4 6
t 81 0 16
t 81 1 80
t 81 2 16
t 81 3 79
t 81 4 5
t 82 0 83
t 82 1 89
t 82 2 92
t 82 3 95
t 82 4 97
t 83 1 84
t 83 2 85
t 83 3 86
t 83 4 88
t 84 0 36
t 84 1 38
t 84 2 39
t 84 3 38
t 84 4 45
t 85 1 56
t 85 3 38
t 85 4 71
t 86 0 36
t 86 1 38
t 86 2 44
t 86 3 38
t 86 4 87
t 87 1 37
t 87 2 37
t 88 1 87
t 88 2 71
t 89 0 90
t 89 1 57
t 89 2 91
t 89 3 43
t 89 4 15
t 90 1 38
t 90 2 39
t 90 3 38
t 90 4 45
t 91 0 39
t 91 1 10
t 91 2 8
t 91 3 38
t 91 4 5
t 92 0 93
t 92 1 94
t 92 2 14
t 92 3 74
t 92 4 75
t 93 1 44
t 93 3 38
t 93 4 71
t 94 0 56
t 94 1 44
t 94 2 8
t 94 3 38
t 94 4 5
t 95 0 96
t 95 1 57
t 95 2 73
t 95 3 86
t 95 4 88
t 96 1 38
t 96 2 56
t 96 3 38
t 96 4 87
t 97 0 4
t 97 1 98
t 97 2 99
t 97 3 32
t 97 4 15
t 98 0 12
t 98 1 87
t 98 2 5
t 98 3 29
t 98 4 5
t 99 0 5
t 99 1 76
t 99 2 5
t 99 3 31
t 99 4 5
t 100 0 3
t 100 1 101
t 100 2 108
t 100 3 111
t 100 4 27
t 101 0 102
t 101 1 103
t 101 2 105
t 101 3 107
t 101 4 15
t 102 0 12
t 102 2 5
t 102 3 10
t 102 4 5
t 103 1 104
t 103 2 42
t 103 3 104
t 104 1 37
t 104 2 37
t 104 3 37
t 105 0 5
t 105 1 12
t 105 2 5
t 105 3 106
t 105 4 5
t 106 0 6
t 106 1 37
t 106 2 37
t 106 3 37
t 106 4 6
t 107 0 29
t 107 1 104
t 107 2 80
t 107 3 104
t 107 4 5
t 108 0 22
t 108 1 109
t 108 2 30
t 108 3 110
t 108 4 15
t 109 0 12
t 109 1 79
t 109 2 5
t 109 3 106
t 109 4 5
t 110 0 31
t 110 1 106
t 110 2 79
t 110 3 104
t 110 4 5
t 111 0 112
t 111 1 113
t 111 2 114
t 111 3 115
t 111 4 15
t 112 0 16
t 112 1 10
t 112 2 16
t 112 4 5
t 113 0 29
t 113 1 104
t 113 2 53
t 113 3 104
t 113 4 5
t 114 0 16
t 114 1 80
t 114 2 16
t 114 3 104
t 114 4 5
t 115 1 104
t 115 2 79
t 115 3 104
t 116 0 117
t 116 1 119
t 116 2 139
t 116 3 154
t 116 4 162
t 117 0 118
t 117 1 47
t 117 2 49
t 117 3 54
t 117 4 60
t 118 0 102
t 118 2 18
t 118 3 20
t 118 4 15
t 119 0 34
t 119 1 120
t 119 2 128
t 119 3 132
t 119 4 136
t 120 0 48
t 120 1 121
t 120 2 123
t 120 3 125
t 120 4 127
t 121 0 36
t 121 1 38
t 121 2 58
t 121 3 38
t 121 4 122
t 122 0 37
t 122 2 37
t 122 3 37
t 123 0 39
t 123 3 38
t 123 4 124
t 124 0 37
t 124 3 37
t 125 0 36
t 125 1 38
t 125 2 44
t 125 3 38
t 125 4 126
t 126 0 37
t 126 2 37
t 127 0 40
t 127 2 124
t 127 3 122
t 128 0 41
t 128 3 129
t 128 4 131
t 129 0 36
t 129 1 38
t 129 2 44
t 129 3 38
t 129 4 130
t 130 0 37
t 131 0 42
t 131 3 124
t 132 0 55
t 132 1 133
t 132 2 134
t 132 3 125
t 132 4 135
t 133 0 36
t 133 1 38
t 133 2 58
t 133 3 38
t 133 4 126
t 134 0 56
t 134 1 44
t 134 3 38
t 134 4 130
t 135 0 45
t 135 2 130
t 136 0 137
t 136 2 138
t 136 3 127
t 137 2 42
t 137 3 122
t 138 0 42
t 138 3 122
t 139 0 140
t 139 1 141
t 139 2 145
t 139 3 147
t 139 4 150
t 140 0 50
t 140 1 66
t 140 2 18
t 140 3 51
t 140 4 52
t 141 0 23
t 141 2 142
t 141 3 144
t 141 4 15
t 142 0 5
t 142 1 12
t 142 2 5
t 142 3 143
t 142 4 5
t 143 0 6
t 143 4 6
t 144 0 143
t 144 4 5
t 145 0 50
t 145 1 146
t 145 2 142
t 145 3 144
t 145 4 15
t 146 0 12
t 146 2 5
t 146 3 143
t 146 4 5
t 147 0 148
t 147 1 149
t 147 2 134
t 147 3 129
t 147 4 15
t 148 0 143
t 148 1 38
t 148 2 56
t 148 3 38
t 148 4 5
t 149 0 36
t 149 1 38
t 149 2 58
t 149 3 38
t 149 4 130
t 150 0 151
t 150 1 28
t 150 2 30
t 150 3 153
t 150 4 15
t 151 0 5
t 151 1 7
t 151 2 5
t 151 3 152
t 151 4 5
t 152 0 37
t 152 1 6
t 152 2 6
t 152 3 37
t 152 4 6
t 153 0 53
t 153 1 29
t 153 2 16
t 153 3 124
t 153 4 5
t 154 0 155
t 154 1 158
t 154 2 160
t 154 3 132
t 154 4 27
t 155 0 156
t 155 1 84
t 155 2 157
t 155 3 43
t 155 4 15
t 156 0 29
t 156 2 29
t 156 4 5
t 157 0 29
t 157 1 56
t 157 2 29
t 157 3 38
t 157 4 5
t 158 0 90
t 158 1 133
t 158 2 159
t 158 3 125
t 158 4 135
t 159 0 39
t 159 3 38
t 159 4 130
t 160 0 161
t 160 1 134
t 160 2 156
t 160 3 129
t 160 4 15
t 161 0 29
t 161 1 44
t 161 2 29
t 161 3 38
t 161 4 5
t 162 0 163
t 162 1 167
t 162 2 168
t 162 3 171
t 162 4 27
t 163 0 4
t 163 1 9
t 163 2 164
t 163 3 166
t 163 4 15
t 164 0 5
t 164 1 12
t 164 2 5
t 164 3 165
t 164 4 5
t 165 0 37
t 165 1 6
t 165 2 37
t 165 3 37
t 165 4 6
t 166 0 40
t 166 1 10
t 166 2 152
t 166 3 122
t 166 4 5
t 167 0 102
t 167 2 142
t 167 3 156
t 167 4 15
t 168 0 169
t 168 1 146
t 168 2 30
t 168 3 170
t 168 4 15
t 169 0 5
t 169 1 7
t 169 2 5
t 169 3 165
t 169 4 5
t 170 0 62
t 170 1 143
t 170 2 124
t 170 3 122
t 170 4 5
t 171 0 172
t 171 1 173
t 171 2 174
t 171 3 127
t 171 4 15
t 172 0 16
t 172 1 10
t 172 2 53
t 172 3 122
t 172 4 5
t 173 0 29
t 173 2 16
t 173 4 5
t 174 0 53
t 174 1 29
t 174 2 16
t 174 3 122
t 174 4 5
t 175 0 176
t 175 1 180
t 175 2 184
t 175 3 189
t 175 4 204
t 176 0 65
t 176 1 177
t 176 2 21
t 176 3 69
t 176 4 77
t 177 0 178
t 177 1 179
t 177 2 18
t 177 3 51
t 177 4 52
t 178 1 44
t 178 3 38
t 178 4 42
t 179 0 56
t 179 1 44
t 179 3 38
t 179 4 42
t 180 0 181
t 180 1 182
t 180 2 145
t 180 3 147
t 180 4 150
t 181 0 23
t 181 1 179
t 181 2 18
t 181 3 51
t 181 4 52
t 182 0 178
t 182 1 183
t 182 3 129
t 182 4 131
t 183 0 56
t 183 1 44
t 183 3 38
t 183 4 124
t 184 0 65
t 184 1 141
t 184 2 185
t 184 3 187
t 184 4 27
t 185 0 22
t 185 1 146
t 185 2 30
t 185 3 186
t 185 4 15
t 186 0 31
t 186 1 143
t 186 4 5
t 187 0 188
t 187 1 144
t 187 4 15
t 188 0 31
t 188 1 19
t 188 4 5
t 189 0 190
t 189 1 192
t 189 2 194
t 189 3 198
t 189 4 200
t 190 0 188
t 190 1 191
t 190 2 85
t 190 3 74
t 190 4 75
t 191 0 36
t 191 1 38
t 191 2 39
t 191 3 38
t 191 4 5
t 192 0 193
t 192 1 149
t 192 2 159
t 192 3 129
t 192 4 15
t 193 0 143
t 193 1 38
t 193 2 39
t 193 3 38
t 193 4 5
t 194 0 93
t 194 1 134
t 194 3 195
t 194 4 197
t 195 0 36
t 195 1 38
t 195 2 44
t 195 3 38
t 195 4 196
t 196 0 37
t 196 1 37
t 197 0 71
t 197 1 196
t 198 0 70
t 198 1 149
t 198 2 199
t 198 3 195
t 198 4 197
t 199 0 56
t 199 1 44
t 199 3 38
t 199 4 196
t 200 0 201
t 200 1 203
t 200 2 30
t 200 3 32
t 200 4 15
t 201 0 5
t 201 1 202
t 201 2 5
t 201 3 8
t 201 4 5
t 202 0 37
t 202 1 37
t 202 2 6
t 202 3 6
t 202 4 6
t 203 0 76
t 203 1 196
t 203 2 5
t 203 3 29
t 203 4 5
t 204 0 205
t 204 1 210
t 204 2 185
t 204 3 214
t 204 4 27
t 205 0 4
t 205 1 206
t 205 2 11
t 205 3 209
t 205 4 15
t 206 0 79
t 206 1 207
t 206 2 5
t 206 3 208
t 206 4 5
t 207 0 37
t 207 1 37
t 207 3 37
t 208 0 37
t 208 1 37
t 208 2 6
t 208 3 37
t 208 4 6
t 209 0 79
t 209 1 208
t 209 2 8
t 209 3 207
t 209 4 5
t 210 0 211
t 210 1 212
t 210 2 142
t 210 3 213
t 210 4 15
t 211 0 12
t 211 1 207
t 211 2 5
t 211 3 208
t 211 4 5
t 212 0 79
t 212 1 207
t 212 3 207
t 213 0 80
t 213 1 207
t 213 2 29
t 213 3 207
t 213 4 5
t 214 0 215
t 214 1 216
t 214 2 32
t 214 3 212
t 214 4 15
t 215 0 16
t 215 1 208
t 215 2 16
t 215 3 207
t 215 4 5
t 216 0 80
t 216 1 207
t 216 2 16
t 216 3 207
t 216 4 5
t 217 0 218
t 217 1 225
t 217 2 229
t 217 3 235
t 217 4 243
t 218 0 219
t 218 1 221
t 218 2 223
t 218 3 95
t 218 4 97
t 219 0 112
t 219 1 220
t 219 2 32
t 219 4 15
t 220 2 16
t 220 4 5
t 221 0 90
t 221 1 84
t 221 2 222
t 221 3 43
t 221 4 15
t 222 0 16
t 222 1 29
t 222 2 16
t 222 3 38
t 222 4 5
t 223 0 112
t 223 1 224
t 223 2 32
t 223 3 74
t 223 4 75
t 224 0 29
t 224 1 56
t 224 2 16
t 224 3 38
t 224 4 5
t 225 0 226
t 225 1 158
t 225 2 227
t 225 3 132
t 225 4 27
t 226 0 173
t 226 1 84
t 226 2 222
t 226 3 43
t 226 4 15
t 227 0 228
t 227 1 173
t 227 2 32
t 227 3 129
t 227 4 15
t 228 0 16
t 228 1 10
t 228 2 16
t 228 3 38
t 228 4 5
t 229 0 230
t 229 1 232
t 229 2 234
t 229 3 198
t 229 4 200
t 230 0 112
t 230 1 231
t 230 2 32
t 230 3 74
t 230 4 75
t 231 0 56
t 231 1 44
t 231 2 16
t 231 3 38
t 231 4 5
t 232 0 233
t 232 1 134
t 232 2 32
t 232 3 129
t 232 4 15
t 233 0 29
t 233 1 44
t 233 2 16
t 233 3 38
t 233 4 5
t 234 0 112
t 234 1 173
t 234 2 32
t 234 4 15
t 235 0 83
t 235 1 158
t 235 2 194
t 235 3 236
t 235 4 240
t 236 0 96
t 236 1 133
t 236 2 199
t 236 3 237
t 236 4 239
t 237 0 36
t 237 1 38
t 237 2 44
t 237 3 38
t 237 4 238
t 238 0 37
t 238 1 37
t 238 2 37
t 239 0 87
t 239 1 238
t 239 2 196
t 240 0 241
t 240 1 242
t 240 2 197
t 241 1 238
t 241 2 71
t 242 0 87
t 242 1 238
t 242 2 130
t 243 0 244
t 243 1 247
t 243 2 249
t 243 3 234
t 243 4 27
t 244 0 4
t 244 1 245
t 244 2 246
t 244 3 14
t 244 4 15
t 245 0 87
t 245 1 238
t 245 2 5
t 245 3 10
t 245 4 5
t 246 0 5
t 246 1 76
t 246 2 5
t 246 3 13
t 246 4 5
t 247 0 248
t 247 1 242
t 247 2 142
t 247 3 156
t 247 4 15
t 248 0 12
t 248 1 238
t 248 2 5
t 248 3 10
t 248 4 5
t 249 0 250
t 249 1 251
t 249 2 30
t 249 3 186
t 249 4 15
t 250 0 5
t 250 1 202
t 250 2 5
t 250 3 13
t 250 4 5
t 251 0 76
t 251 1 196
t 251 2 5
t 251 3 143
t 251 4 5
t 252 0 253
t 252 1 269
t 252 2 280
t 252 3 289
t 252 4 300
t 253 0 3
t 253 1 254
t 253 2 261
t 253 3 264
t 253 4 27
t 254 0 255
t 254 1 257
t 254 2 258
t 254 3 260
t 254 4 15
t 255 1 256
t 255 2 42
t 255 3 256
t 256 0 37
t 256 1 37
t 256 2 37
t 256 3 37
t 257 0 104
t 257 1 256
t 257 2 42
t 257 3 256
t 258 0 5
t 258 1 12
t 258 2 5
t 258 3 259
t 258 4 5
t 259 0 37
t 259 1 37
t 259 2 37
t 259 3 37
t 259 4 6
t 260 0 104
t 260 1 256
t 260 2 208
t 260 3 256
t 260 4 5
t 261 0 22
t 261 1 262
t 261 2 11
t 261 3 263
t 261 4 15
t 262 0 12
t 262 1 79
t 262 2 5
t 262 3 259
t 262 4 5
t 263 0 104
t 263 1 259
t 263 2 207
t 263 3 256
t 263 4 5
t 264 0 265
t 264 1 266
t 264 2 267
t 264 3 268
t 264 4 15
t 265 1 256
t 265 2 79
t 265 3 256
t 266 0 104
t 266 1 256
t 266 2 152
t 266 3 256
t 266 4 5
t 267 0 79
t 267 1 208
t 267 2 8
t 267 3 256
t 267 4 5
t 268 0 104
t 268 1 256
t 268 2 207
t 268 3 256
t 269 0 270
t 269 1 271
t 269 2 274
t 269 3 277
t 269 4 27
t 270 0 102
t 270 1 257
t 270 2 258
t 270 3 260
t 270 4 15
t 271 0 255
t 271 1 272
t 271 2 273
t 271 3 268
t 272 0 104
t 272 1 256
t 272 2 124
t 272 3 256
t 273 0 42
t 273 3 256
t 274 0 275
t 274 1 146
t 274 2 142
t 274 3 276
t 274 4 15
t 275 0 5
t 275 1 7
t 275 2 5
t 275 3 259
t 275 4 5
t 276 0 106
t 276 1 256
t 276 2 207
t 276 3 256
t 276 4 5
t 277 0 278
t 277 1 272
t 277 2 279
t 277 3 268
t 277 4 15
t 278 0 29
t 278 1 256
t 278 2 80
t 278 3 256
t 278 4 5
t 279 0 80
t 279 1 207
t 279 2 29
t 279 3 256
t 279 4 5
t 280 0 281
t 280 1 283
t 280 2 185
t 280 3 286
t 280 4 27
t 281 0 22
t 281 1 282
t 281 2 11
t 281 3 263
t 281 4 15
t 282 0 79
t 282 1 207
t 282 2 5
t 282 3 259
t 282 4 5
t 283 0 284
t 283 1 285
t 283 2 142
t 283 3 276
t 283 4 15
t 284 0 12
t 284 1 207
t 284 2 5
t 284 3 259
t 284 4 5
t 285 0 79
t 285 1 207
t 285 3 256
t 286 0 287
t 286 1 288
t 286 2 285
t 286 3 268
t 286 4 15
t 287 0 31
t 287 1 259
t 287 2 79
t 287 3 256
t 287 4 5
t 288 0 106
t 288 1 256
t 288 2 124
t 288 3 256
t 288 4 5
t 289 0 290
t 289 1 293
t 289 2 296
t 289 3 299
t 289 4 27
t 290 0 112
t 290 1 291
t 290 2 292
t 290 3 268
t 290 4 15
t 291 0 104
t 291 1 256
t 291 2 53
t 291 3 256
t 291 4 5
t 292 0 16
t 292 1 80
t 292 2 16
t 292 3 256
t 292 4 5
t 293 0 294
t 293 1 272
t 293 2 295
t 293 3 268
t 293 4 15
t 294 0 29
t 294 1 256
t 294 2 53
t 294 3 256
t 294 4 5
t 295 0 53
t 295 1 29
t 295 2 16
t 295 3 256
t 295 4 5
t 296 0 297
t 296 1 298
t 296 2 32
t 296 3 268
t 296 4 15
t 297 0 16
t 297 1 208
t 297 2 16
t 297 3 256
t 297 4 5
t 298 0 80
t 298 1 207
t 298 2 16
t 298 3 256
t 298 4 5
t 299 0 265
t 299 1 272
t 299 2 285
t 299 3 268
t 300 0 3
t 300 1 167
t 300 2 185
t 300 3 234
t 300 4 27
a 6
r 37
