1093 5
i 21
i 436
t 0 0 187
t 0 2 88
t 0 3 127
t 0 4 95
t 1 0 286
t 1 1 233
t 1 2 286
t 1 3 103
t 1 4 286
t 2 0 51
t 2 1 127
t 2 4 95
t 3 0 43
t 3 4 218
t 4 0 145
t 4 1 268
t 4 4 240
t 5 0 190
t 5 1 8
t 5 2 27
t 5 3 225
t 5 4 94
t 6 0 281
t 6 4 281
t 7 4 238
t 8 0 234
t 8 2 195
t 8 3 153
t 8 4 238
t 9 2 63
t 9 4 95
t 10 0 75
t 10 1 212
t 10 2 82
t 10 3 257
t 10 4 94
t 11 2 77
t 11 4 240
t 12 2 170
t 12 4 94
t 13 0 255
t 13 1 44
t 13 2 50
t 13 4 218
t 14 0 247
t 14 2 263
t 14 4 240
t 15 0 13
t 15 1 202
t 15 2 203
t 15 4 175
t 16 1 297
t 16 4 95
t 17 0 144
t 17 1 191
t 17 4 265
t 18 4 281
t 19 2 108
t 19 3 297
t 19 4 95
t 20 0 197
t 20 1 23
t 20 2 84
t 20 3 273
t 20 4 218
t 21 0 65
t 21 1 91
t 21 2 69
t 21 3 45
t 21 4 142
t 22 1 182
t 22 2 77
t 22 4 240
t 23 2 216
t 23 3 76
t 23 4 10
t 24 0 181
t 24 1 43
t 24 4 218
t 25 0 86
t 25 2 54
t 25 3 66
t 25 4 240
t 26 0 67
t 26 2 194
t 26 3 9
t 26 4 240
t 27 0 64
t 27 1 165
t 27 2 195
t 27 3 153
t 27 4 238
t 28 0 107
t 28 1 178
t 28 2 108
t 28 3 297
t 28 4 95
t 29 0 4
t 29 1 102
t 29 4 184
t 30 0 242
t 30 2 242
t 30 4 240
t 31 0 36
t 31 1 3
t 31 4 175
t 32 0 150
t 32 1 25
t 32 2 214
t 32 3 102
t 32 4 184
t 33 2 281
t 33 3 281
t 33 4 281
t 34 1 276
t 34 2 293
t 34 4 175
t 35 0 269
t 35 1 196
t 35 2 99
t 35 4 184
t 36 0 181
t 36 1 160
t 36 4 218
t 37 0 192
t 37 2 259
t 37 3 7
t 37 4 94
t 38 2 251
t 38 4 10
t 39 1 12
t 39 2 251
t 39 4 10
t 40 2 159
t 40 4 154
t 41 0 57
t 41 1 83
t 41 2 231
t 41 3 77
t 41 4 240
t 42 0 115
t 42 1 209
t 42 2 115
t 42 4 286
t 43 0 46
t 43 4 10
t 44 2 90
t 44 4 10
t 45 0 35
t 45 1 126
t 45 2 213
t 45 4 245
t 46 0 225
t 46 4 94
t 47 0 135
t 47 2 5
t 47 3 149
t 47 4 10
t 48 0 62
t 48 1 223
t 48 2 1
t 48 3 52
t 48 4 238
t 49 2 60
t 49 3 199
t 49 4 175
t 50 0 189
t 50 1 270
t 50 2 90
t 50 4 10
t 51 0 17
t 51 1 264
t 51 4 154
t 52 1 18
t 52 4 286
t 53 0 243
t 53 1 246
t 53 2 109
t 53 3 161
t 53 4 154
t 54 0 107
t 54 1 152
t 54 2 88
t 54 3 127
t 54 4 95
t 55 0 48
t 55 1 192
t 55 2 294
t 55 3 174
t 55 4 94
t 56 0 48
t 56 1 8
t 56 2 82
t 56 3 139
t 56 4 94
t 57 0 53
t 57 1 232
t 57 2 224
t 57 3 147
t 57 4 95
t 58 0 145
t 58 1 66
t 58 4 240
t 59 0 249
t 59 2 180
t 59 3 235
t 59 4 265
t 60 0 256
t 60 1 134
t 60 2 211
t 60 3 160
t 60 4 218
t 61 0 130
t 61 1 289
t 61 2 180
t 61 3 191
t 61 4 265
t 62 0 286
t 62 1 33
t 62 2 286
t 62 3 103
t 62 4 286
t 63 2 207
t 63 4 154
t 64 0 286
t 64 1 33
t 64 2 286
t 64 3 18
t 64 4 286
t 65 0 173
t 65 1 230
t 65 2 148
t 65 3 163
t 65 4 245
t 66 0 127
t 66 4 95
t 67 0 201
t 67 2 108
t 67 3 63
t 67 4 95
t 68 0 270
t 68 2 90
t 68 4 10
t 69 0 166
t 69 1 116
t 69 2 123
t 69 3 29
t 69 4 245
t 70 0 287
t 70 1 283
t 70 2 109
t 70 3 217
t 70 4 154
t 71 0 233
t 71 2 286
t 71 3 209
t 71 4 286
t 72 2 34
t 72 4 265
t 73 0 15
t 73 1 280
t 73 2 183
t 73 4 265
t 74 0 130
t 74 1 122
t 74 2 125
t 74 3 302
t 74 4 265
t 75 0 110
t 75 1 114
t 75 2 1
t 75 3 239
t 75 4 238
t 76 4 94
t 77 1 271
t 77 2 147
t 77 4 95
t 78 0 279
t 78 1 86
t 78 2 231
t 78 3 16
t 78 4 240
t 79 0 197
t 79 1 134
t 79 2 84
t 79 3 273
t 79 4 218
t 80 2 281
t 80 4 281
t 81 0 106
t 81 1 296
t 81 2 55
t 81 3 251
t 81 4 10
t 82 0 62
t 82 1 165
t 82 2 193
t 82 3 111
t 82 4 238
t 83 2 108
t 83 3 63
t 83 4 95
t 84 0 210
t 84 1 37
t 84 2 55
t 84 3 258
t 84 4 10
t 85 1 268
t 85 4 240
t 86 0 187
t 86 2 108
t 86 3 297
t 86 4 95
t 87 0 26
t 87 2 92
t 87 3 226
t 87 4 184
t 88 0 61
t 88 1 253
t 88 2 74
t 88 3 188
t 88 4 154
t 89 0 67
t 89 2 54
t 89 3 242
t 89 4 240
t 90 0 162
t 90 1 266
t 90 2 257
t 90 4 94
t 91 0 87
t 91 2 32
t 91 3 128
t 91 4 245
t 92 0 28
t 92 1 86
t 92 2 194
t 92 3 268
t 92 4 240
t 93 0 59
t 93 2 74
t 93 3 176
t 93 4 154
t 94 0 110
t 94 1 71
t 94 2 193
t 94 3 42
t 94 4 238
t 95 0 243
t 95 1 129
t 95 2 96
t 95 3 159
t 95 4 154
t 96 0 248
t 96 1 122
t 96 2 120
t 96 3 31
t 96 4 265
t 97 0 286
t 97 1 233
t 97 2 286
t 97 3 18
t 97 4 286
t 98 1 281
t 98 2 281
t 98 4 281
t 99 0 282
t 99 1 247
t 99 2 263
t 99 4 240
t 100 0 209
t 100 2 115
t 100 4 286
t 101 2 239
t 101 4 238
t 102 0 66
t 102 4 240
t 103 1 281
t 103 4 281
t 104 0 135
t 104 2 216
t 104 3 136
t 104 4 10
t 105 0 17
t 105 1 188
t 105 4 154
t 106 0 75
t 106 1 200
t 106 2 294
t 106 3 170
t 106 4 94
t 107 0 61
t 107 1 283
t 107 2 198
t 107 3 264
t 107 4 154
t 108 0 61
t 108 1 250
t 108 2 198
t 108 3 264
t 108 4 154
t 109 0 248
t 109 1 222
t 109 2 146
t 109 3 227
t 109 4 265
t 110 0 286
t 110 1 33
t 110 2 286
t 110 3 98
t 110 4 286
t 111 0 284
t 111 1 6
t 111 4 286
t 112 1 160
t 112 4 218
t 113 0 86
t 113 2 194
t 113 3 268
t 113 4 240
t 114 2 286
t 114 3 80
t 114 4 286
t 115 0 281
t 115 1 281
t 115 2 281
t 115 4 281
t 116 0 113
t 116 2 214
t 116 3 102
t 116 4 184
t 117 2 293
t 117 4 175
t 118 0 68
t 118 2 50
t 118 4 218
t 119 2 155
t 119 4 238
t 120 0 20
t 120 1 261
t 120 2 124
t 120 3 24
t 120 4 175
t 121 0 177
t 121 2 159
t 121 4 154
t 122 0 172
t 122 2 151
t 122 3 3
t 122 4 175
t 123 0 295
t 123 1 25
t 123 2 169
t 123 3 58
t 123 4 184
t 124 0 197
t 124 1 208
t 124 2 179
t 124 3 272
t 124 4 218
t 125 0 156
t 125 1 261
t 125 2 151
t 125 3 3
t 125 4 175
t 126 0 14
t 126 2 99
t 126 4 184
t 127 0 188
t 127 4 154
t 128 0 30
t 128 2 30
t 128 4 184
t 129 0 249
t 129 2 125
t 129 3 137
t 129 4 265
t 130 0 156
t 130 1 301
t 130 2 60
t 130 3 185
t 130 4 175
t 131 2 136
t 131 4 10
t 132 0 284
t 132 1 18
t 132 4 286
t 133 2 194
t 133 3 268
t 133 4 240
t 134 0 37
t 134 2 216
t 134 3 76
t 134 4 10
t 135 0 241
t 135 2 259
t 135 3 119
t 135 4 94
t 136 2 119
t 136 4 94
t 137 0 298
t 137 2 298
t 137 4 175
t 138 0 118
t 138 2 203
t 138 4 175
t 139 0 132
t 139 1 153
t 139 4 238
t 140 0 287
t 140 1 253
t 140 2 96
t 140 3 215
t 140 4 154
t 141 2 97
t 141 3 229
t 141 4 238
t 142 0 173
t 142 1 206
t 142 2 123
t 142 3 213
t 142 4 245
t 143 2 164
t 143 4 95
t 144 0 36
t 144 1 185
t 144 4 175
t 145 0 51
t 145 1 297
t 145 4 95
t 146 0 20
t 146 1 172
t 146 2 79
t 146 3 112
t 146 4 175
t 147 1 72
t 147 2 161
t 147 4 154
t 148 0 295
t 148 1 113
t 148 2 78
t 148 3 85
t 148 4 184
t 149 0 274
t 149 2 274
t 149 4 94
t 150 0 28
t 150 1 19
t 150 2 194
t 150 3 268
t 150 4 240
t 151 0 256
t 151 1 208
t 151 2 292
t 151 3 43
t 151 4 218
t 152 0 250
t 152 2 74
t 152 3 188
t 152 4 154
t 153 0 6
t 153 4 286
t 154 0 228
t 154 1 285
t 154 2 120
t 154 3 183
t 154 4 265
t 155 2 80
t 155 4 286
t 156 0 256
t 156 1 23
t 156 2 211
t 156 3 160
t 156 4 218
t 157 0 132
t 157 1 229
t 157 4 238
t 158 0 157
t 158 1 7
t 158 4 94
t 159 0 15
t 159 1 138
t 159 2 183
t 159 4 265
t 160 4 10
t 161 1 117
t 161 2 34
t 161 4 265
t 162 0 278
t 162 1 277
t 162 2 42
t 162 4 238
t 163 1 11
t 163 2 22
t 163 4 184
t 164 0 73
t 164 1 177
t 164 2 159
t 164 4 154
t 165 0 233
t 165 2 286
t 165 3 6
t 165 4 286
t 166 0 295
t 166 1 133
t 166 2 78
t 166 3 85
t 166 4 184
t 167 2 98
t 167 4 286
t 168 0 70
t 168 1 152
t 168 2 140
t 168 3 105
t 168 4 95
t 169 0 279
t 169 1 0
t 169 2 168
t 169 3 2
t 169 4 240
t 170 1 167
t 170 2 239
t 170 4 238
t 171 0 81
t 171 1 291
t 171 2 84
t 171 3 39
t 171 4 218
t 172 0 134
t 172 2 211
t 172 3 160
t 172 4 218
t 173 0 41
t 173 1 288
t 173 2 78
t 173 3 22
t 173 4 184
t 174 1 229
t 174 4 238
t 175 0 81
t 175 1 47
t 175 2 179
t 175 3 50
t 175 4 218
t 176 0 137
t 176 2 137
t 176 4 265
t 177 0 138
t 177 2 183
t 177 4 265
t 178 2 198
t 178 3 264
t 178 4 154
t 179 0 210
t 179 1 300
t 179 2 56
t 179 3 260
t 179 4 10
t 180 0 156
t 180 1 172
t 180 2 60
t 180 3 185
t 180 4 175
t 181 0 158
t 181 1 76
t 181 4 10
t 182 2 147
t 182 4 95
t 183 0 13
t 183 1 118
t 183 2 203
t 183 4 175
t 184 0 57
t 184 1 221
t 184 2 168
t 184 3 263
t 184 4 240
t 185 4 218
t 186 2 42
t 186 4 238
t 187 0 250
t 187 2 198
t 187 3 264
t 187 4 154
t 188 0 302
t 188 4 265
t 189 0 162
t 189 1 186
t 189 2 257
t 189 4 94
t 190 0 64
t 190 1 223
t 190 2 97
t 190 3 229
t 190 4 238
t 191 4 175
t 192 0 234
t 192 2 97
t 192 3 229
t 192 4 238
t 193 0 286
t 193 1 233
t 193 2 286
t 193 3 284
t 193 4 286
t 194 0 107
t 194 1 187
t 194 2 108
t 194 3 297
t 194 4 95
t 195 0 286
t 195 1 233
t 195 2 286
t 195 3 6
t 195 4 286
t 196 2 263
t 196 4 240
t 197 0 210
t 197 1 236
t 197 2 55
t 197 3 258
t 197 4 10
t 198 0 130
t 198 1 222
t 198 2 180
t 198 3 191
t 198 4 265
t 199 2 131
t 199 4 218
t 200 2 97
t 200 3 155
t 200 4 238
t 201 0 59
t 201 2 198
t 201 3 207
t 201 4 154
t 202 2 50
t 202 4 218
t 203 0 255
t 203 1 68
t 203 2 50
t 203 4 218
t 204 0 104
t 204 2 292
t 204 3 205
t 204 4 218
t 205 0 149
t 205 2 149
t 205 4 10
t 206 0 26
t 206 2 214
t 206 3 30
t 206 4 184
t 207 2 235
t 207 4 265
t 208 0 37
t 208 2 5
t 208 3 46
t 208 4 10
t 209 0 281
t 209 2 281
t 209 4 281
t 210 0 48
t 210 1 141
t 210 2 294
t 210 3 174
t 210 4 94
t 211 0 262
t 211 1 37
t 211 2 216
t 211 3 76
t 211 4 10
t 212 0 237
t 212 2 195
t 212 3 290
t 212 4 238
t 213 0 269
t 213 1 14
t 213 2 99
t 213 4 184
t 214 0 28
t 214 1 0
t 214 2 54
t 214 3 66
t 214 4 240
t 215 0 144
t 215 1 302
t 215 4 265
t 216 0 190
t 216 1 192
t 216 2 259
t 216 3 7
t 216 4 94
t 217 1 191
t 217 4 265
t 218 0 106
t 218 1 220
t 218 2 56
t 218 3 90
t 218 4 10
t 219 2 257
t 219 4 94
t 220 0 241
t 220 2 27
t 220 3 274
t 220 4 94
t 221 0 201
t 221 2 88
t 221 3 254
t 221 4 95
t 222 0 172
t 222 2 60
t 222 3 185
t 222 4 175
t 223 2 286
t 223 3 18
t 223 4 286
t 224 0 287
t 224 1 250
t 224 2 109
t 224 3 217
t 224 4 154
t 225 0 153
t 225 4 238
t 226 2 9
t 226 4 240
t 227 1 185
t 227 4 175
t 228 0 171
t 228 1 252
t 228 2 79
t 228 3 293
t 228 4 175
t 229 4 286
t 230 2 92
t 230 3 226
t 230 4 184
t 231 0 70
t 231 1 187
t 231 2 224
t 231 3 275
t 231 4 95
t 232 2 198
t 232 3 207
t 232 4 154
t 233 0 281
t 233 2 281
t 233 3 281
t 233 4 281
t 234 0 233
t 234 2 286
t 234 3 18
t 234 4 286
t 235 2 199
t 235 4 175
t 236 2 259
t 236 3 7
t 236 4 94
t 237 0 233
t 237 2 286
t 237 3 80
t 237 4 286
t 238 0 286
t 238 1 233
t 238 2 286
t 238 3 115
t 238 4 286
t 239 1 80
t 239 2 98
t 239 4 286
t 240 0 53
t 240 1 93
t 240 2 140
t 240 3 164
t 240 4 95
t 241 0 237
t 241 2 97
t 241 3 155
t 241 4 238
t 242 0 254
t 242 2 254
t 242 4 95
t 243 0 228
t 243 1 49
t 243 2 146
t 243 3 34
t 243 4 265
t 244 2 183
t 244 4 265
t 245 0 41
t 245 1 89
t 245 2 169
t 245 3 99
t 245 4 184
t 246 2 180
t 246 3 235
t 246 4 265
t 247 0 121
t 247 2 164
t 247 4 95
t 248 0 20
t 248 1 301
t 248 2 79
t 248 3 112
t 248 4 175
t 249 0 267
t 249 2 60
t 249 3 199
t 249 4 175
t 250 0 222
t 250 2 180
t 250 3 191
t 250 4 265
t 251 1 101
t 251 2 170
t 251 4 94
t 252 2 211
t 252 3 131
t 252 4 218
t 253 0 222
t 253 2 125
t 253 3 302
t 253 4 265
t 254 0 176
t 254 2 176
t 254 4 154
t 255 0 189
t 255 1 219
t 255 2 90
t 255 4 10
t 256 0 262
t 256 1 236
t 256 2 216
t 256 3 76
t 256 4 10
t 257 0 278
t 257 1 100
t 257 2 42
t 257 4 238
t 258 1 7
t 258 4 94
t 259 0 64
t 259 1 234
t 259 2 97
t 259 3 229
t 259 4 238
t 260 0 157
t 260 1 225
t 260 4 94
t 261 0 134
t 261 2 292
t 261 3 43
t 261 4 218
t 262 0 190
t 262 1 141
t 262 2 259
t 262 3 7
t 262 4 94
t 263 0 299
t 263 1 121
t 263 2 164
t 263 4 95
t 264 4 265
t 265 0 171
t 265 1 204
t 265 2 124
t 265 3 203
t 265 4 175
t 266 0 100
t 266 2 42
t 266 4 238
t 267 0 104
t 267 2 211
t 267 3 131
t 267 4 218
t 268 4 95
t 269 0 282
t 269 1 143
t 269 2 263
t 269 4 240
t 270 0 266
t 270 2 257
t 270 4 94
t 271 2 161
t 271 4 154
t 272 0 158
t 272 1 46
t 272 4 10
t 273 1 76
t 273 4 10
t 274 0 290
t 274 2 290
t 274 4 238
t 275 1 264
t 275 4 154
t 276 2 39
t 276 4 218
t 277 2 115
t 277 4 286
t 278 0 115
t 278 1 80
t 278 2 115
t 278 4 286
t 279 0 70
t 279 1 178
t 279 2 224
t 279 3 275
t 279 4 95
t 280 2 203
t 280 4 175
t 282 0 299
t 282 1 40
t 282 2 164
t 282 4 95
t 283 2 180
t 283 3 191
t 283 4 265
t 284 0 281
t 284 1 281
t 284 4 281
t 285 0 267
t 285 2 151
t 285 3 298
t 285 4 175
t 286 0 281
t 286 1 281
t 286 2 281
t 286 3 281
t 286 4 281
t 287 0 248
t 287 1 289
t 287 2 146
t 287 3 227
t 287 4 265
t 288 2 194
t 288 3 9
t 288 4 240
t 289 2 60
t 289 3 185
t 289 4 175
t 290 0 209
t 290 2 209
t 290 4 286
t 291 2 216
t 291 3 136
t 291 4 10
t 292 0 262
t 292 1 300
t 292 2 5
t 292 3 46
t 292 4 10
t 293 1 38
t 293 2 39
t 293 4 218
t 294 0 62
t 294 1 234
t 294 2 1
t 294 3 52
t 294 4 238
t 295 0 279
t 295 1 19
t 295 2 231
t 295 3 16
t 295 4 240
t 296 2 259
t 296 3 119
t 296 4 94
t 297 4 154
t 298 0 205
t 298 2 205
t 298 4 218
t 299 0 73
t 299 1 244
t 299 2 159
t 299 4 154
t 300 0 192
t 300 2 27
t 300 3 225
t 300 4 94
t 301 2 211
t 301 3 160
t 301 4 218
t 302 0 3
t 302 4 175
t 303 0 845
t 303 1 987
t 304 0 416
t 304 1 429
t 304 2 731
t 304 3 430
t 305 3 944
t 306 0 467
t 306 1 448
t 306 2 469
t 306 3 536
t 306 4 1083
t 307 0 885
t 307 3 780
t 308 0 579
t 308 1 413
t 308 2 1027
t 308 3 657
t 308 4 1042
t 309 1 458
t 309 2 412
t 310 1 850
t 310 2 339
t 310 3 697
t 311 0 718
t 311 1 680
t 312 1 1003
t 312 2 812
t 312 3 1003
t 312 4 953
t 313 0 342
t 313 1 656
t 313 2 353
t 313 3 678
t 313 4 309
t 314 0 843
t 314 1 762
t 314 2 454
t 314 3 884
t 315 0 1080
t 315 1 599
t 315 3 401
t 315 4 704
t 316 1 916
t 317 0 447
t 317 1 374
t 318 0 689
t 318 3 682
t 319 1 642
t 319 3 1003
t 320 0 415
t 320 1 941
t 320 2 885
t 320 3 780
t 321 1 398
t 321 2 966
t 321 3 602
t 321 4 862
t 322 1 560
t 322 3 395
t 322 4 464
t 323 0 361
t 323 1 553
t 323 2 525
t 323 3 377
t 323 4 836
t 324 0 749
t 324 1 909
t 324 3 909
t 325 0 428
t 325 1 390
t 325 2 668
t 325 3 780
t 326 1 1046
t 326 2 739
t 326 3 608
t 326 4 733
t 327 1 1090
t 327 2 546
t 327 3 304
t 328 1 618
t 328 2 1031
t 328 3 500
t 328 4 1020
t 329 3 826
t 330 0 342
t 330 1 499
t 330 2 568
t 330 3 1055
t 330 4 999
t 331 1 526
t 332 3 817
t 333 0 1007
t 333 1 993
t 333 2 889
t 333 3 359
t 334 1 852
t 334 3 378
t 335 0 345
t 335 1 320
t 335 2 930
t 335 3 325
t 336 0 495
t 336 1 722
t 336 2 1034
t 336 3 443
t 337 0 942
t 337 2 1079
t 337 3 518
t 338 0 587
t 338 3 727
t 339 1 446
t 339 3 887
t 340 0 980
t 340 3 337
t 341 0 546
t 341 3 304
t 342 1 838
t 342 2 787
t 342 3 1077
t 342 4 795
t 343 1 308
t 343 2 928
t 343 3 989
t 343 4 420
t 344 0 781
t 344 1 575
t 344 2 784
t 344 3 510
t 345 1 941
t 345 2 885
t 345 3 780
t 346 0 574
t 346 1 533
t 346 2 794
t 346 3 827
t 347 0 728
t 347 1 647
t 347 2 839
t 347 3 636
t 348 0 812
t 348 3 1003
t 349 0 969
t 349 1 805
t 349 2 961
t 349 3 690
t 350 1 642
t 350 3 1003
t 350 4 497
t 351 1 1051
t 352 0 479
t 352 1 620
t 352 2 493
t 352 3 401
t 352 4 704
t 353 0 679
t 353 1 864
t 353 3 937
t 353 4 412
t 354 0 745
t 354 1 475
t 354 2 431
t 354 3 615
t 355 0 807
t 355 1 605
t 355 3 949
t 355 4 785
t 356 1 333
t 356 2 687
t 356 3 769
t 357 0 451
t 357 1 451
t 358 0 754
t 358 1 765
t 358 3 854
t 359 0 781
t 359 1 573
t 359 2 405
t 359 3 878
t 360 1 610
t 360 3 648
t 360 4 653
t 361 1 413
t 361 2 1027
t 361 3 657
t 361 4 1042
t 362 0 1081
t 362 1 825
t 362 2 571
t 362 3 1021
t 363 1 706
t 363 2 738
t 363 3 707
t 363 4 950
t 364 0 393
t 364 1 722
t 364 2 1045
t 364 3 524
t 364 4 607
t 365 0 723
t 365 1 472
t 365 3 344
t 365 4 944
t 366 1 451
t 366 2 451
t 367 1 458
t 368 1 932
t 369 0 644
t 369 1 776
t 369 2 1058
t 369 3 989
t 370 2 497
t 370 3 953
t 371 3 304
t 372 0 451
t 373 0 576
t 373 1 476
t 373 3 661
t 374 0 547
t 374 1 425
t 375 0 445
t 375 1 347
t 375 2 1045
t 375 3 789
t 375 4 713
t 376 1 1067
t 376 2 893
t 376 3 927
t 376 4 956
t 377 0 1024
t 377 1 681
t 377 2 478
t 377 3 763
t 378 0 640
t 378 1 535
t 378 2 373
t 378 3 884
t 379 0 528
t 379 3 919
t 380 1 369
t 380 2 332
t 380 3 707
t 381 1 864
t 381 3 937
t 381 4 412
t 382 0 843
t 382 1 535
t 382 2 1036
t 382 3 884
t 383 0 871
t 383 1 512
t 383 2 549
t 383 3 883
t 383 4 558
t 384 0 428
t 384 1 736
t 384 2 358
t 384 3 555
t 385 3 669
t 386 2 870
t 386 3 518
t 387 0 1015
t 387 1 711
t 387 2 503
t 387 3 336
t 388 0 644
t 388 1 656
t 388 2 545
t 388 3 989
t 389 0 947
t 389 1 499
t 389 2 1066
t 389 3 377
t 390 0 908
t 390 1 881
t 390 2 348
t 390 3 426
t 391 1 1064
t 391 3 963
t 392 0 611
t 392 1 369
t 392 2 332
t 392 3 707
t 393 1 501
t 393 2 996
t 393 3 933
t 393 4 452
t 394 0 750
t 394 1 388
t 394 2 405
t 394 3 707
t 395 0 865
t 395 1 796
t 395 2 886
t 395 3 769
t 396 1 726
t 396 3 943
t 397 1 522
t 397 2 624
t 397 3 879
t 398 0 363
t 398 1 847
t 398 2 532
t 398 3 394
t 398 4 766
t 399 3 823
t 400 0 552
t 400 1 1090
t 400 2 546
t 400 3 304
t 401 0 1076
t 401 1 575
t 401 2 743
t 401 3 693
t 401 4 303
t 402 1 578
t 402 3 578
t 403 1 922
t 403 3 566
t 403 4 906
t 404 3 836
t 405 0 569
t 405 1 1028
t 405 3 817
t 406 0 399
t 406 3 836
t 407 0 924
t 407 1 1003
t 407 2 812
t 407 3 1003
t 407 4 953
t 408 0 482
t 408 3 1019
t 408 4 694
t 409 0 916
t 409 1 357
t 410 1 350
t 410 3 426
t 410 4 463
t 411 1 917
t 412 1 1052
t 413 0 871
t 413 1 306
t 413 2 767
t 413 3 698
t 413 4 931
t 414 1 904
t 414 3 325
t 415 1 703
t 415 2 435
t 415 3 426
t 416 1 1013
t 416 2 873
t 416 3 934
t 417 1 829
t 418 0 451
t 418 1 451
t 418 3 451
t 418 4 451
t 419 0 832
t 419 1 630
t 419 2 599
t 419 3 920
t 420 2 775
t 420 3 1042
t 421 1 335
t 421 2 1018
t 421 3 943
t 422 3 1042
t 423 1 533
t 423 2 794
t 423 3 827
t 424 0 1085
t 424 1 537
t 424 2 1023
t 424 3 674
t 425 0 368
t 425 1 856
t 426 0 924
t 426 1 1003
t 426 2 418
t 426 3 1003
t 427 0 473
t 427 1 785
t 428 1 703
t 428 2 319
t 428 3 426
t 429 0 442
t 429 1 876
t 429 2 453
t 429 3 934
t 430 0 540
t 430 1 876
t 430 2 1014
t 430 3 934
t 431 0 965
t 431 1 923
t 431 3 734
t 432 0 327
t 432 1 400
t 432 2 371
t 432 3 792
t 433 1 670
t 433 2 543
t 433 3 674
t 434 0 976
t 434 1 665
t 434 3 561
t 434 4 316
t 435 3 1003
t 436 0 477
t 436 1 1082
t 436 2 1010
t 436 3 629
t 436 4 354
t 437 1 316
t 438 1 869
t 438 2 606
t 438 3 821
t 439 2 980
t 439 3 337
t 440 0 900
t 440 1 805
t 440 2 478
t 440 3 690
t 441 1 1003
t 441 2 642
t 441 3 1003
t 442 1 314
t 442 2 671
t 442 3 378
t 443 0 967
t 443 1 954
t 443 2 872
t 443 3 419
t 444 0 371
t 444 3 792
t 445 1 333
t 445 2 996
t 445 3 782
t 445 4 983
t 446 1 391
t 446 3 508
t 447 1 425
t 448 0 312
t 448 1 407
t 448 2 492
t 448 3 485
t 448 4 370
t 449 0 456
t 449 1 509
t 449 2 584
t 450 1 572
t 450 2 672
t 450 3 1037
t 450 4 813
t 452 1 331
t 452 2 906
t 453 0 671
t 453 3 378
t 454 3 661
t 455 0 924
t 455 1 1003
t 455 2 418
t 455 3 1003
t 455 4 504
t 456 1 932
t 456 2 316
t 457 0 1009
t 457 1 405
t 457 3 804
t 457 4 1071
t 458 1 351
t 459 0 738
t 459 3 510
t 459 4 338
t 460 0 1041
t 460 1 491
t 460 2 814
t 460 3 933
t 460 4 452
t 461 1 396
t 461 3 817
t 462 0 969
t 462 1 970
t 462 2 991
t 462 3 943
t 463 3 497
t 464 3 709
t 465 0 486
t 465 1 886
t 465 3 769
t 466 1 504
t 467 1 407
t 467 2 492
t 467 3 485
t 467 4 370
t 468 0 451
t 468 2 451
t 469 3 426
t 469 4 463
t 470 0 730
t 470 1 514
t 470 2 409
t 471 2 929
t 471 3 938
t 472 0 1054
t 472 1 702
t 472 3 510
t 472 4 338
t 473 1 584
t 474 1 319
t 474 3 426
t 475 0 755
t 475 1 529
t 475 2 444
t 475 3 734
t 476 0 502
t 476 1 747
t 476 3 827
t 477 1 551
t 477 2 360
t 477 3 786
t 477 4 310
t 478 0 729
t 478 1 605
t 478 3 384
t 479 1 1030
t 479 2 633
t 479 3 804
t 479 4 1071
t 480 1 715
t 480 3 715
t 481 1 868
t 481 3 487
t 482 3 769
t 482 4 709
t 483 0 929
t 483 3 938
t 484 1 425
t 484 2 1052
t 485 0 924
t 485 1 1003
t 485 2 418
t 485 3 1003
t 485 4 498
t 486 1 922
t 486 3 359
t 487 1 531
t 487 2 603
t 487 3 627
t 488 1 409
t 489 1 506
t 490 0 830
t 490 1 881
t 490 2 550
t 490 3 561
t 490 4 316
t 491 0 380
t 491 1 951
t 491 2 720
t 491 3 394
t 492 3 1003
t 492 4 497
t 493 0 1009
t 493 1 784
t 493 3 693
t 493 4 303
t 494 1 548
t 494 2 497
t 494 3 548
t 495 1 501
t 495 2 687
t 495 3 602
t 496 0 924
t 496 1 1003
t 496 2 418
t 496 3 1003
t 496 4 357
t 497 3 451
t 498 2 451
t 499 0 590
t 499 1 681
t 499 2 961
t 499 3 763
t 500 0 1038
t 500 1 1059
t 500 2 550
t 500 3 927
t 500 4 956
t 501 0 380
t 501 1 392
t 501 2 889
t 501 3 394
t 502 1 986
t 502 3 1021
t 503 0 517
t 503 1 1034
t 503 3 1019
t 504 0 451
t 504 1 451
t 504 2 451
t 505 0 794
t 505 3 827
t 506 0 973
t 506 1 704
t 507 3 751
t 508 1 438
t 508 2 1064
t 508 3 963
t 509 0 466
t 509 1 514
t 510 0 614
t 510 1 349
t 510 2 1066
t 510 3 440
t 511 0 454
t 511 3 884
t 512 0 467
t 512 1 556
t 512 2 666
t 512 3 768
t 512 4 938
t 513 0 1049
t 513 1 861
t 513 2 580
t 513 3 949
t 513 4 785
t 514 0 366
t 514 1 504
t 514 2 372
t 515 1 863
t 515 3 426
t 515 4 463
t 516 1 703
t 516 2 893
t 516 3 561
t 516 4 316
t 517 1 886
t 517 3 769
t 518 0 1017
t 518 2 710
t 518 3 746
t 519 0 497
t 519 3 634
t 520 1 1067
t 520 2 319
t 520 3 485
t 521 1 663
t 521 3 663
t 522 1 1039
t 522 2 1040
t 522 3 487
t 523 1 939
t 523 3 939
t 524 0 1041
t 524 1 954
t 524 2 315
t 524 3 816
t 524 4 757
t 525 0 1027
t 525 3 690
t 525 4 379
t 526 1 367
t 527 0 824
t 527 1 848
t 527 3 943
t 527 4 1035
t 528 3 990
t 529 0 327
t 529 1 1029
t 529 2 341
t 529 3 792
t 530 0 882
t 530 1 317
t 531 1 494
t 531 2 1075
t 531 3 1089
t 532 3 878
t 532 4 669
t 533 0 1081
t 533 1 912
t 533 2 1033
t 533 3 1021
t 534 0 480
t 534 1 890
t 534 3 890
t 535 0 423
t 535 1 554
t 535 2 505
t 535 3 661
t 536 0 772
t 536 1 1059
t 536 2 665
t 536 3 485
t 537 0 638
t 537 1 491
t 537 2 686
t 537 3 602
t 538 0 450
t 538 1 955
t 538 2 958
t 538 3 375
t 538 4 581
t 539 1 692
t 539 3 359
t 539 4 385
t 540 1 314
t 540 2 623
t 540 3 378
t 541 0 577
t 541 3 823
t 542 0 376
t 542 1 1043
t 542 2 434
t 542 3 500
t 542 4 1020
t 543 3 769
t 544 1 522
t 544 2 481
t 544 3 879
t 545 0 1018
t 545 3 943
t 546 3 430
t 547 1 856
t 548 1 451
t 548 2 451
t 548 3 451
t 549 0 469
t 549 3 555
t 549 4 990
t 550 0 642
t 550 1 418
t 550 3 1003
t 550 4 916
t 551 0 673
t 551 1 1046
t 551 2 739
t 551 3 608
t 551 4 733
t 552 1 659
t 552 2 559
t 552 3 430
t 553 0 579
t 553 1 383
t 553 2 834
t 553 3 763
t 553 4 823
t 554 0 574
t 554 1 362
t 554 2 1070
t 554 3 827
t 555 0 441
t 555 1 1050
t 555 2 765
t 555 3 854
t 556 0 312
t 556 1 835
t 556 2 828
t 556 3 1000
t 556 4 682
t 557 1 663
t 557 3 683
t 558 0 1087
t 558 2 318
t 558 3 938
t 559 3 934
t 560 0 539
t 560 1 808
t 560 3 769
t 560 4 709
t 561 0 924
t 561 1 1003
t 561 2 418
t 561 3 1003
t 561 4 916
t 562 1 695
t 562 3 661
t 563 1 831
t 563 3 792
t 564 3 879
t 565 3 463
t 566 0 1076
t 566 1 573
t 566 2 1025
t 566 3 804
t 566 4 1071
t 567 1 687
t 567 3 769
t 568 0 679
t 568 1 478
t 568 3 513
t 568 4 427
t 569 1 864
t 569 3 943
t 570 0 830
t 570 1 1050
t 570 2 699
t 570 3 496
t 570 4 409
t 571 0 497
t 571 3 683
t 572 0 728
t 572 1 333
t 572 2 696
t 572 3 769
t 573 0 421
t 573 1 462
t 573 2 545
t 573 3 817
t 574 1 912
t 574 2 1033
t 574 3 1021
t 575 0 421
t 575 1 349
t 575 2 593
t 575 3 440
t 576 1 747
t 576 3 827
t 577 3 558
t 578 1 1091
t 578 3 1091
t 579 1 306
t 579 2 767
t 579 3 698
t 579 4 931
t 580 0 988
t 580 1 358
t 580 3 570
t 580 4 584
t 581 0 489
t 581 1 713
t 582 1 601
t 582 2 1058
t 582 3 817
t 583 0 896
t 583 1 429
t 583 2 790
t 583 3 430
t 584 0 921
t 584 1 409
t 585 0 975
t 585 1 530
t 586 1 1006
t 586 3 1006
t 587 3 379
t 588 0 658
t 588 1 618
t 588 2 885
t 588 3 536
t 589 0 728
t 589 1 796
t 589 2 686
t 589 3 769
t 590 1 588
t 590 2 930
t 590 3 698
t 591 1 785
t 592 3 631
t 593 0 1018
t 593 3 690
t 594 0 1048
t 594 1 398
t 594 2 966
t 594 3 602
t 594 4 862
t 595 1 1057
t 595 3 1057
t 596 0 447
t 596 1 899
t 597 0 642
t 597 1 418
t 597 3 1003
t 597 4 631
t 598 0 393
t 598 1 537
t 598 2 756
t 598 3 460
t 598 4 788
t 599 0 851
t 599 1 784
t 599 3 510
t 600 3 1035
t 601 0 969
t 601 1 335
t 601 2 1018
t 601 3 943
t 602 0 832
t 602 1 951
t 602 2 922
t 602 3 394
t 603 1 892
t 603 3 1089
t 604 1 474
t 604 3 780
t 605 0 725
t 605 1 358
t 605 3 555
t 606 3 544
t 607 0 957
t 607 1 680
t 607 2 506
t 608 0 495
t 608 1 537
t 608 2 465
t 608 3 674
t 609 0 1088
t 609 1 863
t 609 3 426
t 609 4 463
t 610 1 662
t 610 3 395
t 610 4 464
t 611 1 776
t 611 2 1058
t 611 3 989
t 612 3 420
t 613 1 912
t 613 2 557
t 613 3 1021
t 614 1 335
t 614 2 726
t 614 3 943
t 615 0 901
t 615 1 529
t 615 2 923
t 615 3 734
t 616 1 438
t 616 2 753
t 616 3 963
t 617 1 1014
t 617 3 934
t 618 0 846
t 618 1 1067
t 618 2 435
t 618 3 485
t 619 1 808
t 619 3 769
t 619 4 709
t 620 0 582
t 620 1 575
t 620 2 626
t 620 3 510
t 621 1 476
t 621 3 661
t 622 1 873
t 622 3 934
t 623 1 562
t 623 3 884
t 624 3 487
t 625 0 870
t 625 3 518
t 626 0 1058
t 626 3 440
t 627 1 494
t 627 2 892
t 627 3 1089
t 628 0 376
t 628 1 875
t 628 2 978
t 628 3 903
t 628 4 470
t 629 0 977
t 629 1 959
t 629 2 1026
t 629 3 940
t 629 4 1062
t 630 0 611
t 630 1 935
t 630 2 626
t 630 3 389
t 631 0 451
t 631 3 451
t 632 1 941
t 632 2 474
t 632 3 780
t 633 1 396
t 633 3 894
t 633 4 791
t 634 0 451
t 634 2 451
t 634 3 451
t 635 1 762
t 635 2 454
t 635 3 884
t 636 0 998
t 636 1 620
t 636 2 599
t 636 3 344
t 637 0 882
t 637 1 596
t 638 1 392
t 638 2 889
t 638 3 394
t 639 1 461
t 639 3 804
t 639 4 1071
t 640 1 346
t 640 2 695
t 640 3 661
t 641 1 367
t 641 2 791
t 642 1 451
t 642 3 451
t 642 4 451
t 643 0 995
t 643 1 811
t 643 3 384
t 643 4 919
t 644 1 838
t 644 2 1018
t 644 3 657
t 645 0 543
t 645 3 1019
t 646 0 321
t 646 1 708
t 646 2 911
t 646 3 443
t 646 4 337
t 647 0 1007
t 647 1 620
t 647 2 705
t 647 3 344
t 648 0 445
t 648 1 589
t 648 2 756
t 648 3 1037
t 648 4 813
t 649 2 497
t 649 3 634
t 650 0 658
t 650 1 875
t 650 2 1022
t 650 3 768
t 651 0 676
t 651 3 558
t 652 3 963
t 653 1 402
t 653 3 402
t 654 1 481
t 654 3 879
t 655 1 618
t 655 2 885
t 655 3 536
t 656 0 590
t 656 1 685
t 656 2 991
t 656 3 657
t 657 0 701
t 657 1 1073
t 657 2 904
t 657 3 698
t 658 1 1067
t 658 2 435
t 658 3 485
t 659 0 442
t 659 1 1013
t 659 2 1061
t 659 3 934
t 660 2 399
t 660 3 836
t 661 0 613
t 661 1 362
t 661 2 747
t 661 3 827
t 662 1 822
t 662 3 769
t 662 4 709
t 663 1 451
t 663 3 451
t 664 0 673
t 664 1 646
t 664 2 408
t 664 3 336
t 664 4 691
t 665 0 642
t 665 1 418
t 665 3 1003
t 666 0 492
t 666 3 854
t 666 4 826
t 667 1 731
t 667 3 430
t 668 0 754
t 668 1 665
t 668 3 426
t 669 3 600
t 670 0 638
t 670 1 501
t 670 2 696
t 670 3 602
t 671 3 884
t 672 1 687
t 672 3 782
t 672 4 983
t 673 1 594
t 673 2 482
t 673 3 674
t 673 4 801
t 674 0 967
t 674 1 491
t 674 2 886
t 674 3 602
t 675 1 818
t 675 3 817
t 675 4 600
t 676 3 938
t 677 0 891
t 677 1 939
t 677 3 939
t 678 0 777
t 678 1 685
t 678 2 760
t 678 3 1077
t 678 4 795
t 679 1 904
t 679 3 779
t 679 4 1052
t 680 0 984
t 680 1 914
t 681 0 655
t 681 1 650
t 681 2 819
t 681 3 883
t 682 0 953
t 682 2 631
t 682 3 634
t 683 0 451
t 683 1 451
t 683 2 451
t 683 3 451
t 684 3 950
t 685 0 655
t 685 1 1073
t 685 2 307
t 685 3 698
t 686 0 889
t 686 3 359
t 687 1 721
t 687 3 359
t 688 1 909
t 688 3 909
t 689 3 634
t 690 0 632
t 690 1 861
t 690 2 605
t 690 3 384
t 691 0 386
t 691 2 625
t 691 3 337
t 692 0 1054
t 692 1 815
t 692 3 878
t 692 4 669
t 693 0 833
t 693 1 349
t 693 2 568
t 693 3 759
t 693 4 987
t 694 0 305
t 694 3 1011
t 695 1 1060
t 695 3 827
t 696 3 359
t 697 1 1047
t 697 2 446
t 697 3 887
t 698 0 520
t 698 1 1043
t 698 2 668
t 698 3 536
t 699 0 642
t 699 1 418
t 699 3 1003
t 699 4 357
t 700 1 1069
t 700 3 1069
t 701 1 618
t 701 2 474
t 701 3 536
t 702 0 770
t 702 1 802
t 702 3 440
t 702 4 727
t 703 0 924
t 703 1 1003
t 703 2 812
t 703 3 1003
t 704 0 968
t 704 1 303
t 705 0 332
t 705 3 510
t 706 0 361
t 706 1 308
t 706 2 928
t 706 3 989
t 706 4 420
t 707 0 947
t 707 1 656
t 707 2 1028
t 707 3 989
t 708 0 1048
t 708 1 985
t 708 2 897
t 708 3 419
t 708 4 518
t 709 3 385
t 710 0 404
t 710 3 751
t 711 0 1085
t 711 1 722
t 711 2 1063
t 711 3 443
t 712 0 799
t 712 3 694
t 713 0 840
t 713 1 506
t 714 0 617
t 714 1 731
t 714 3 430
t 715 0 451
t 715 1 451
t 715 3 451
t 716 1 917
t 716 2 983
t 717 1 726
t 717 3 937
t 717 4 412
t 718 1 585
t 719 0 515
t 719 1 609
t 719 3 780
t 719 4 565
t 720 0 332
t 720 3 878
t 721 1 461
t 721 3 878
t 722 0 638
t 722 1 954
t 722 2 839
t 722 3 419
t 723 1 815
t 723 3 878
t 723 4 669
t 724 0 559
t 724 3 430
t 725 1 665
t 725 3 426
t 726 1 604
t 726 3 325
t 727 0 1053
t 727 3 379
t 728 1 993
t 728 2 889
t 728 3 359
t 729 1 668
t 729 3 780
t 730 1 504
t 730 2 916
t 731 0 334
t 731 1 1014
t 731 3 934
t 732 0 411
t 732 1 311
t 733 2 778
t 733 3 801
t 734 0 783
t 734 1 1029
t 734 2 849
t 734 3 792
t 735 1 837
t 735 3 325
t 735 4 880
t 736 0 908
t 736 1 1050
t 736 2 971
t 736 3 854
t 737 1 465
t 737 3 1037
t 737 4 813
t 738 3 817
t 738 4 600
t 739 3 395
t 739 4 464
t 740 0 439
t 740 2 340
t 740 3 691
t 741 1 856
t 741 2 437
t 742 0 619
t 742 1 844
t 742 3 1019
t 742 4 694
t 743 0 381
t 743 1 1066
t 743 3 759
t 743 4 987
t 744 1 530
t 744 2 1071
t 745 1 432
t 745 2 563
t 745 3 734
t 746 0 660
t 746 2 406
t 746 3 751
t 747 0 962
t 747 1 986
t 747 3 1021
t 748 0 716
t 748 1 311
t 748 2 713
t 749 1 952
t 749 3 952
t 750 1 776
t 750 2 396
t 750 3 989
t 751 0 1072
t 751 2 541
t 751 3 836
t 752 0 1078
t 752 1 465
t 752 3 1037
t 752 4 813
t 753 3 821
t 754 1 418
t 754 3 1003
t 755 1 400
t 755 2 371
t 755 3 792
t 756 0 403
t 756 1 886
t 756 3 782
t 756 4 983
t 757 0 744
t 757 1 914
t 757 2 704
t 758 3 766
t 759 0 809
t 759 1 805
t 759 2 355
t 759 3 513
t 759 4 427
t 760 0 807
t 760 1 904
t 760 3 779
t 760 4 1052
t 761 1 915
t 761 3 648
t 761 4 653
t 762 0 423
t 762 1 346
t 762 2 1056
t 762 3 661
t 763 0 701
t 763 1 650
t 763 2 605
t 763 3 883
t 764 0 741
t 764 1 857
t 764 2 785
t 765 0 642
t 765 1 418
t 765 3 1003
t 765 4 372
t 766 2 612
t 766 3 950
t 767 3 780
t 767 4 565
t 768 0 772
t 768 1 798
t 768 2 765
t 768 3 1000
t 768 4 936
t 769 0 998
t 769 1 898
t 769 2 922
t 769 3 359
t 770 1 848
t 770 3 943
t 770 4 1035
t 771 1 675
t 771 3 878
t 771 4 669
t 772 1 1003
t 772 2 642
t 772 3 1003
t 772 4 498
t 773 1 521
t 773 3 521
t 774 1 374
t 774 2 412
t 775 3 931
t 776 0 590
t 776 1 838
t 776 2 1018
t 776 3 657
t 777 1 588
t 777 2 1092
t 777 3 542
t 777 4 1008
t 778 3 862
t 779 0 516
t 779 1 390
t 779 2 434
t 779 3 490
t 779 4 437
t 780 0 441
t 780 1 881
t 780 2 665
t 780 3 426
t 781 1 601
t 781 2 396
t 781 3 817
t 782 0 479
t 782 1 898
t 782 2 457
t 782 3 566
t 782 4 906
t 783 1 1090
t 783 2 902
t 783 3 304
t 784 0 569
t 784 1 1066
t 784 3 440
t 785 0 488
t 785 1 584
t 786 0 1044
t 786 1 424
t 786 2 752
t 786 3 598
t 786 4 1016
t 787 1 604
t 787 3 779
t 787 4 1052
t 788 1 829
t 788 2 983
t 789 0 841
t 789 1 647
t 789 2 315
t 789 3 352
t 789 4 506
t 790 0 1061
t 790 3 934
t 791 1 412
t 792 0 1086
t 792 1 583
t 792 2 714
t 792 3 304
t 793 1 683
t 793 2 663
t 793 3 683
t 794 3 1021
t 795 1 351
t 795 2 1052
t 796 0 1007
t 796 1 898
t 796 2 720
t 796 3 359
t 797 0 858
t 797 1 935
t 797 2 743
t 797 3 330
t 797 4 800
t 798 0 924
t 798 1 1003
t 798 2 926
t 798 3 1003
t 798 4 468
t 799 3 1011
t 800 0 774
t 800 1 596
t 800 2 987
t 801 2 758
t 801 3 862
t 802 0 824
t 802 1 643
t 802 3 690
t 802 4 379
t 803 1 855
t 803 2 813
t 804 0 833
t 804 1 462
t 804 2 353
t 804 3 894
t 804 4 791
t 805 0 345
t 805 1 861
t 805 2 819
t 805 3 384
t 806 3 1083
t 807 1 668
t 807 3 490
t 807 4 437
t 808 0 723
t 808 1 692
t 808 3 359
t 808 4 385
t 809 1 320
t 809 2 1092
t 809 3 779
t 809 4 1052
t 810 0 328
t 810 1 650
t 810 2 580
t 810 3 628
t 810 4 449
t 811 0 515
t 811 1 910
t 811 3 555
t 811 4 990
t 812 3 451
t 812 4 451
t 813 1 983
t 814 0 1080
t 814 1 922
t 814 3 566
t 814 4 906
t 815 0 770
t 815 1 527
t 815 3 817
t 815 4 600
t 816 0 1012
t 816 1 630
t 816 2 493
t 816 3 797
t 816 4 1004
t 817 0 900
t 817 1 970
t 817 2 864
t 817 3 943
t 818 1 735
t 818 3 943
t 818 4 1035
t 819 0 885
t 819 3 555
t 820 1 567
t 820 3 1037
t 820 4 813
t 821 1 397
t 821 2 654
t 821 3 544
t 822 1 771
t 822 3 359
t 822 4 385
t 823 0 471
t 823 2 483
t 823 3 558
t 824 1 719
t 824 3 325
t 824 4 880
t 825 0 548
t 825 1 683
t 825 2 631
t 825 3 683
t 826 0 497
t 826 3 631
t 827 0 793
t 827 1 825
t 827 2 986
t 827 3 1021
t 828 0 812
t 828 3 1003
t 828 4 631
t 829 1 331
t 830 1 1003
t 830 2 642
t 830 3 1003
t 830 4 916
t 831 1 902
t 831 3 304
t 832 1 369
t 832 2 461
t 832 3 707
t 833 1 335
t 833 2 787
t 833 3 937
t 833 4 412
t 834 0 767
t 834 3 384
t 834 4 919
t 835 0 924
t 835 1 1003
t 835 2 926
t 835 3 1003
t 835 4 634
t 836 0 853
t 836 2 651
t 836 3 823
t 837 1 410
t 837 3 780
t 837 4 565
t 838 0 655
t 838 1 588
t 838 2 930
t 838 3 698
t 839 0 889
t 839 3 344
t 840 1 704
t 841 1 993
t 841 2 639
t 841 3 566
t 841 4 906
t 842 1 534
t 842 3 534
t 843 1 346
t 843 2 1056
t 843 3 661
t 844 0 539
t 844 1 365
t 844 3 636
t 844 4 1011
t 845 1 427
t 846 1 1003
t 846 2 812
t 846 3 1003
t 846 4 498
t 847 0 343
t 847 1 706
t 847 2 738
t 847 3 707
t 847 4 950
t 848 0 995
t 848 1 719
t 848 3 325
t 848 4 880
t 849 0 667
t 849 1 714
t 849 3 304
t 850 1 1047
t 850 2 860
t 850 3 887
t 851 1 1028
t 851 3 817
t 852 0 621
t 852 1 373
t 852 3 884
t 853 2 676
t 853 3 558
t 854 0 924
t 854 1 1003
t 854 2 418
t 854 3 1003
t 854 4 372
t 855 0 718
t 855 1 917
t 856 0 466
t 856 1 932
t 857 0 368
t 857 1 509
t 858 1 776
t 858 2 717
t 858 3 678
t 858 4 309
t 859 0 586
t 859 1 1057
t 859 3 1057
t 860 3 508
t 861 0 415
t 861 1 736
t 861 2 1022
t 861 3 555
t 862 2 684
t 862 3 766
t 863 0 642
t 863 1 418
t 863 3 1003
t 863 4 497
t 864 0 729
t 864 1 904
t 864 3 325
t 865 1 993
t 865 2 721
t 865 3 359
t 866 3 338
t 867 1 654
t 867 3 544
t 868 1 603
t 868 3 627
t 869 1 397
t 869 2 564
t 869 3 544
t 870 3 746
t 871 1 448
t 871 2 469
t 871 3 536
t 871 4 1083
t 872 0 905
t 872 1 599
t 872 3 344
t 873 1 623
t 873 3 378
t 874 1 890
t 874 3 890
t 875 0 846
t 875 1 798
t 875 2 971
t 875 3 1000
t 875 4 936
t 876 0 635
t 876 1 382
t 876 2 511
t 876 3 378
t 877 3 1089
t 878 0 614
t 878 1 462
t 878 2 1028
t 878 3 817
t 879 1 1039
t 879 2 868
t 879 3 487
t 880 3 565
t 881 0 924
t 881 1 1003
t 881 2 926
t 881 3 1003
t 882 1 374
t 883 0 520
t 883 1 875
t 883 2 358
t 883 3 768
t 884 0 888
t 884 1 554
t 884 2 476
t 884 3 661
t 885 3 426
t 886 0 905
t 886 1 922
t 886 3 359
t 887 1 616
t 887 2 391
t 887 3 508
t 888 1 533
t 888 2 1060
t 888 3 827
t 889 3 878
t 890 0 663
t 890 1 715
t 890 3 715
t 891 1 859
t 891 3 859
t 892 1 663
t 892 3 548
t 893 1 642
t 893 3 1003
t 893 4 916
t 894 0 809
t 894 1 970
t 894 2 760
t 894 3 937
t 894 4 412
t 895 1 526
t 895 2 1071
t 896 1 1013
t 896 2 1061
t 896 3 934
t 897 0 532
t 897 3 344
t 897 4 944
t 898 0 582
t 898 1 573
t 898 2 972
t 898 3 878
t 899 0 547
t 899 1 857
t 900 1 320
t 900 2 604
t 900 3 325
t 901 1 400
t 901 2 831
t 901 3 792
t 902 1 622
t 902 3 430
t 903 0 1038
t 903 1 798
t 903 2 699
t 903 3 455
t 903 4 913
t 904 0 725
t 904 1 668
t 904 3 780
t 905 1 405
t 905 3 878
t 906 1 1071
t 907 0 988
t 907 1 668
t 907 3 490
t 907 4 437
t 908 1 1003
t 908 2 812
t 908 3 1003
t 909 0 842
t 909 1 952
t 909 3 952
t 910 0 1088
t 910 1 597
t 910 3 854
t 910 4 826
t 911 0 966
t 911 3 636
t 911 4 1011
t 912 0 548
t 912 1 683
t 912 2 497
t 912 3 683
t 913 0 366
t 913 1 504
t 913 2 357
t 914 0 975
t 914 1 637
t 915 0 619
t 915 1 560
t 915 3 395
t 915 4 464
t 916 1 451
t 917 0 984
t 917 1 585
t 918 0 322
t 918 1 742
t 918 3 1084
t 918 4 712
t 919 0 329
t 919 3 990
t 920 0 750
t 920 1 935
t 920 2 784
t 920 3 389
t 921 1 357
t 922 0 851
t 922 1 405
t 922 3 878
t 923 0 1068
t 923 1 849
t 923 3 792
t 924 1 451
t 924 2 451
t 924 3 451
t 924 4 451
t 925 1 762
t 925 2 562
t 925 3 884
t 926 0 451
t 926 3 451
t 926 4 451
t 927 0 924
t 927 1 1003
t 927 2 418
t 927 3 1003
t 927 4 366
t 928 3 943
t 928 4 1035
t 929 3 682
t 930 3 780
t 931 2 1005
t 931 3 1083
t 932 0 366
t 932 1 504
t 933 0 1012
t 933 1 951
t 933 2 457
t 933 3 964
t 933 4 895
t 934 0 925
t 934 1 382
t 934 2 852
t 934 3 378
t 935 0 644
t 935 1 499
t 935 2 593
t 935 3 377
t 936 0 498
t 936 2 372
t 937 0 1049
t 937 1 1074
t 937 2 907
t 937 3 779
t 937 4 1052
t 938 0 649
t 938 2 519
t 938 3 682
t 939 0 595
t 939 1 859
t 939 3 859
t 940 0 1044
t 940 1 711
t 940 2 958
t 940 3 364
t 940 4 748
t 941 0 908
t 941 1 703
t 941 2 435
t 941 3 426
t 942 2 507
t 942 3 746
t 943 0 632
t 943 1 1074
t 943 2 904
t 943 3 325
t 944 0 960
t 944 3 338
t 945 0 523
t 945 1 677
t 945 3 677
t 946 1 324
t 946 3 324
t 947 1 838
t 947 2 726
t 947 3 657
t 948 1 317
t 948 2 791
t 949 0 516
t 949 1 736
t 949 2 978
t 949 3 570
t 949 4 584
t 950 2 422
t 950 3 420
t 951 0 611
t 951 1 388
t 951 2 972
t 951 3 707
t 952 0 874
t 952 1 534
t 952 3 534
t 953 2 451
t 953 3 451
t 954 0 380
t 954 1 630
t 954 2 705
t 954 3 920
t 955 0 981
t 955 1 347
t 955 2 1063
t 955 3 1019
t 956 1 366
t 956 2 916
t 957 1 585
t 957 2 906
t 958 0 1078
t 958 1 1034
t 958 3 789
t 958 4 713
t 959 0 433
t 959 1 711
t 959 2 645
t 959 3 336
t 960 3 727
t 961 0 930
t 961 3 384
t 962 1 715
t 962 3 683
t 963 1 869
t 963 2 867
t 963 3 821
t 964 0 858
t 964 1 388
t 964 2 1025
t 964 3 313
t 964 4 641
t 965 1 849
t 965 3 792
t 966 3 359
t 966 4 385
t 967 1 392
t 967 2 721
t 967 3 394
t 968 1 987
t 969 1 320
t 969 2 930
t 969 3 325
t 970 0 345
t 970 1 1074
t 970 2 307
t 970 3 325
t 971 0 812
t 971 3 1003
t 971 4 372
t 972 0 1058
t 972 3 817
t 973 1 303
t 974 1 373
t 974 3 884
t 975 1 317
t 976 1 418
t 976 3 1003
t 976 4 916
t 977 1 1001
t 977 2 820
t 977 3 598
t 977 4 1016
t 978 0 976
t 978 1 765
t 978 3 496
t 978 4 409
t 979 1 773
t 979 3 773
t 980 3 518
t 981 1 333
t 981 2 696
t 981 3 769
t 982 0 928
t 982 3 440
t 982 4 727
t 983 1 906
t 984 1 530
t 985 0 363
t 985 1 1065
t 985 2 459
t 985 3 920
t 985 4 746
t 986 0 663
t 986 1 715
t 986 3 683
t 987 0 591
t 987 1 427
t 988 1 665
t 988 3 561
t 988 4 316
t 989 0 1024
t 989 1 685
t 989 2 864
t 989 3 657
t 990 0 592
t 990 3 826
t 991 0 930
t 991 3 325
t 992 3 953
t 993 0 582
t 993 1 1030
t 993 2 332
t 993 3 878
t 994 1 366
t 995 1 609
t 995 3 780
t 995 4 565
t 996 1 721
t 996 3 566
t 996 4 906
t 997 0 435
t 997 3 426
t 998 1 1030
t 998 2 461
t 998 3 878
t 999 0 484
t 999 1 899
t 999 2 427
t 1000 0 924
t 1000 1 1003
t 1000 2 418
t 1000 3 1003
t 1000 4 468
t 1001 0 1085
t 1001 1 670
t 1001 2 543
t 1001 3 674
t 1002 1 700
t 1002 3 700
t 1003 0 451
t 1003 1 451
t 1003 2 451
t 1003 3 451
t 1003 4 451
t 1004 0 948
t 1004 1 637
t 1004 2 303
t 1005 3 370
t 1006 0 688
t 1006 1 324
t 1006 3 324
t 1007 1 1030
t 1007 2 332
t 1007 3 878
t 1008 1 1051
t 1008 2 437
t 1009 1 1028
t 1009 3 894
t 1009 4 791
t 1010 0 761
t 1010 1 918
t 1010 3 538
t 1010 4 945
t 1011 0 866
t 1011 3 944
t 1012 1 369
t 1012 2 633
t 1012 3 313
t 1012 4 641
t 1013 0 635
t 1013 1 314
t 1013 2 671
t 1013 3 378
t 1014 0 974
t 1014 1 852
t 1014 3 378
t 1015 1 670
t 1015 2 567
t 1015 3 674
t 1016 1 417
t 1016 2 813
t 1017 2 404
t 1017 3 751
t 1018 3 325
t 1019 0 865
t 1019 1 647
t 1019 2 872
t 1019 3 636
t 1020 1 994
t 1020 2 316
t 1021 0 548
t 1021 1 683
t 1021 2 715
t 1021 3 683
t 1022 0 435
t 1022 3 854
t 1023 0 696
t 1023 3 769
t 1024 1 588
t 1024 2 604
t 1024 3 698
t 1025 0 381
t 1025 1 1028
t 1025 3 894
t 1025 4 791
t 1026 0 737
t 1026 1 503
t 1026 3 375
t 1026 4 581
t 1027 3 325
t 1027 4 880
t 1028 0 414
t 1028 1 864
t 1028 3 943
t 1029 0 552
t 1029 1 583
t 1029 2 724
t 1029 3 304
t 1030 0 421
t 1030 1 601
t 1030 2 1058
t 1030 3 817
t 1031 1 319
t 1031 3 561
t 1031 4 316
t 1032 0 739
t 1032 3 1084
t 1032 4 712
t 1033 3 683
t 1034 0 486
t 1034 1 872
t 1034 3 636
t 1035 3 880
t 1036 0 1056
t 1036 3 661
t 1037 0 841
t 1037 1 796
t 1037 2 814
t 1037 3 782
t 1037 4 983
t 1038 1 1003
t 1038 2 642
t 1038 3 1003
t 1038 4 366
t 1039 1 531
t 1039 2 877
t 1039 3 627
t 1040 3 627
t 1041 1 392
t 1041 2 639
t 1041 3 964
t 1041 4 895
t 1042 2 806
t 1042 3 931
t 1043 0 846
t 1043 1 1059
t 1043 2 348
t 1043 3 485
t 1044 1 670
t 1044 2 672
t 1044 3 460
t 1044 4 788
t 1045 0 403
t 1045 1 872
t 1045 3 352
t 1045 4 506
t 1046 0 321
t 1046 1 594
t 1046 2 482
t 1046 3 674
t 1046 4 801
t 1047 1 616
t 1047 2 652
t 1047 3 508
t 1048 1 847
t 1048 2 532
t 1048 3 394
t 1048 4 766
t 1049 1 941
t 1049 2 1031
t 1049 3 490
t 1049 4 437
t 1050 0 924
t 1050 1 1003
t 1050 2 926
t 1050 3 1003
t 1050 4 372
t 1051 1 994
t 1052 1 437
t 1053 3 919
t 1054 1 527
t 1054 3 817
t 1054 4 600
t 1055 0 777
t 1055 1 681
t 1055 2 355
t 1055 3 810
t 1055 4 764
t 1056 3 827
t 1057 0 946
t 1057 1 1006
t 1057 3 1006
t 1058 3 943
t 1059 0 924
t 1059 1 1003
t 1059 2 926
t 1059 3 1003
t 1059 4 498
t 1060 1 557
t 1060 3 1021
t 1061 3 378
t 1062 0 803
t 1062 1 732
t 1062 2 581
t 1063 0 696
t 1063 3 636
t 1064 1 867
t 1064 3 821
t 1065 0 343
t 1065 1 323
t 1065 2 982
t 1065 3 389
t 1065 4 751
t 1066 0 414
t 1066 1 478
t 1066 3 690
t 1067 0 924
t 1067 1 1003
t 1067 2 812
t 1067 3 1003
t 1067 4 498
t 1068 1 714
t 1068 3 304
t 1069 1 979
t 1069 3 979
t 1070 0 1033
t 1070 3 1021
t 1071 1 791
t 1072 2 577
t 1072 3 823
t 1073 0 658
t 1073 1 1043
t 1073 2 997
t 1073 3 536
t 1074 0 415
t 1074 1 390
t 1074 2 997
t 1074 3 780
t 1075 3 548
t 1076 1 601
t 1076 2 717
t 1076 3 894
t 1076 4 791
t 1077 0 328
t 1077 1 1073
t 1077 2 907
t 1077 3 542
t 1077 4 1008
t 1078 1 886
t 1078 3 782
t 1078 4 983
t 1079 0 507
t 1079 3 746
t 1080 1 405
t 1080 3 804
t 1080 4 1071
t 1081 1 683
t 1081 2 497
t 1081 3 683
t 1082 0 326
t 1082 1 664
t 1082 2 1032
t 1082 3 387
t 1082 4 740
t 1083 2 992
t 1083 3 370
t 1084 0 356
t 1084 1 347
t 1084 2 1034
t 1084 3 1019
t 1085 1 501
t 1085 2 696
t 1085 3 602
t 1086 1 659
t 1086 2 622
t 1086 3 430
t 1087 2 689
t 1087 3 682
t 1088 1 418
t 1088 3 1003
t 1088 4 497
t 1089 1 548
t 1089 2 663
t 1089 3 548
t 1090 0 896
t 1090 1 659
t 1090 2 559
t 1090 3 430
t 1091 1 1002
t 1091 3 1002
t 1092 1 474
t 1092 3 490
t 1092 4 437
a 281
r 451
