850 5
0
t 0 0 1
t 0 1 443
t 0 2 577
t 0 3 669
t 0 4 737
t 1 0 2
t 1 1 166
t 1 2 300
t 1 3 361
t 1 4 401
t 2 0 3
t 2 1 140
t 2 2 145
t 2 3 150
t 2 4 152
t 3 0 4
t 3 1 114
t 3 2 119
t 3 3 124
t 3 4 126
t 4 0 5
t 4 1 88
t 4 2 93
t 4 3 98
t 4 4 100
t 5 0 6
t 5 1 62
t 5 2 67
t 5 3 72
t 5 4 74
t 6 0 7
t 6 1 38
t 6 2 43
t 6 3 48
t 6 4 50
t 7 0 8
t 7 1 22
t 7 2 26
t 7 3 30
t 7 4 32
t 8 0 9
t 8 1 14
t 8 2 16
t 8 3 19
t 8 4 20
t 9 0 10
t 9 1 12
t 9 2 10
t 9 3 13
t 9 4 10
t 10 0 11
t 10 1 11
t 10 2 11
t 10 3 11
t 10 4 11
t 12 2 11
t 12 3 11
t 12 4 11
t 13 1 11
t 13 2 11
t 13 4 11
t 14 2 10
t 14 3 15
t 14 4 10
t 15 2 11
t 15 4 11
t 16 0 10
t 16 1 17
t 16 2 10
t 16 3 18
t 16 4 10
t 17 0 11
t 17 2 11
t 17 3 11
t 17 4 11
t 18 1 11
t 18 4 11
t 19 1 15
t 19 2 13
t 19 4 10
t 20 0 10
t 20 1 17
t 20 2 10
t 20 3 21
t 20 4 10
t 21 0 11
t 21 1 11
t 21 2 11
t 21 4 11
t 22 2 23
t 22 3 25
t 22 4 20
t 23 0 10
t 23 1 17
t 23 2 10
t 23 3 24
t 23 4 10
t 24 4 11
t 25 2 15
t 25 4 10
t 26 0 27
t 26 1 28
t 26 2 16
t 26 3 29
t 26 4 20
t 27 0 10
t 27 1 12
t 27 2 10
t 27 3 18
t 27 4 10
t 28 0 17
t 28 2 10
t 28 3 24
t 28 4 10
t 29 1 24
t 29 4 10
t 30 1 31
t 30 2 19
t 30 4 20
t 31 2 13
t 31 4 10
t 32 0 9
t 32 1 33
t 32 2 35
t 32 3 37
t 32 4 20
t 33 0 17
t 33 2 10
t 33 3 34
t 33 4 10
t 34 0 11
t 34 2 11
t 34 4 11
t 35 0 10
t 35 1 17
t 35 2 10
t 35 3 36
t 35 4 10
t 36 0 11
t 36 1 11
t 36 4 11
t 37 0 21
t 37 1 34
t 37 2 21
t 37 4 10
t 38 2 39
t 38 3 42
t 38 4 32
t 39 0 40
t 39 1 28
t 39 2 23
t 39 3 41
t 39 4 20
t 40 0 10
t 40 1 12
t 40 2 10
t 40 3 24
t 40 4 10
t 41 4 10
t 42 2 25
t 42 4 20
t 43 0 44
t 43 1 46
t 43 2 26
t 43 3 47
t 43 4 32
t 44 0 27
t 44 1 45
t 44 2 16
t 44 3 29
t 44 4 20
t 45 2 10
t 45 3 24
t 45 4 10
t 46 0 28
t 46 2 23
t 46 3 41
t 46 4 20
t 47 1 41
t 47 4 20
t 48 1 49
t 48 2 30
t 48 4 32
t 49 2 19
t 49 4 20
t 50 0 8
t 50 1 51
t 50 2 56
t 50 3 59
t 50 4 32
t 51 0 52
t 51 2 53
t 51 3 55
t 51 4 20
t 52 0 17
t 52 2 10
t 52 3 15
t 52 4 10
t 53 0 10
t 53 1 17
t 53 2 10
t 53 3 54
t 53 4 10
t 54 0 11
t 54 4 11
t 55 0 34
t 55 2 34
t 55 4 10
t 56 0 27
t 56 1 57
t 56 2 35
t 56 3 58
t 56 4 20
t 57 0 17
t 57 2 10
t 57 3 54
t 57 4 10
t 58 0 36
t 58 1 54
t 58 4 10
t 59 0 60
t 59 1 61
t 59 2 37
t 59 4 20
t 60 0 21
t 60 1 15
t 60 2 21
t 60 4 10
t 61 0 34
t 61 2 21
t 61 4 10
t 62 2 63
t 62 3 66
t 62 4 50
t 63 0 64
t 63 1 46
t 63 2 39
t 63 3 65
t 63 4 32
t 64 0 40
t 64 1 45
t 64 2 23
t 64 3 41
t 64 4 20
t 65 4 20
t 66 2 42
t 66 4 32
t 67 0 68
t 67 1 70
t 67 2 43
t 67 3 71
t 67 4 50
t 68 0 44
t 68 1 69
t 68 2 26
t 68 3 47
t 68 4 32
t 69 2 23
t 69 3 41
t 69 4 20
t 70 0 46
t 70 2 39
t 70 3 65
t 70 4 32
t 71 1 65
t 71 4 32
t 72 1 73
t 72 2 48
t 72 4 50
t 73 2 30
t 73 4 32
t 74 0 7
t 74 1 75
t 74 2 80
t 74 3 84
t 74 4 50
t 75 0 76
t 75 2 77
t 75 3 79
t 75 4 32
t 76 0 52
t 76 2 23
t 76 3 25
t 76 4 20
t 77 0 40
t 77 1 57
t 77 2 53
t 77 3 78
t 77 4 20
t 78 0 54
t 78 4 10
t 79 0 55
t 79 2 55
t 79 4 20
t 80 0 44
t 80 1 81
t 80 2 56
t 80 3 82
t 80 4 32
t 81 0 28
t 81 2 53
t 81 3 78
t 81 4 20
t 82 0 83
t 82 1 78
t 82 4 20
t 83 0 36
t 83 1 24
t 83 4 10
t 84 0 85
t 84 1 87
t 84 2 59
t 84 4 32
t 85 0 60
t 85 1 86
t 85 2 37
t 85 4 20
t 86 2 21
t 86 4 10
t 87 0 61
t 87 2 37
t 87 4 20
t 88 2 89
t 88 3 92
t 88 4 74
t 89 0 90
t 89 1 70
t 89 2 63
t 89 3 91
t 89 4 50
t 90 0 64
t 90 1 69
t 90 2 39
t 90 3 65
t 90 4 32
t 91 4 32
t 92 2 66
t 92 4 50
t 93 0 94
t 93 1 96
t 93 2 67
t 93 3 97
t 93 4 74
t 94 0 68
t 94 1 95
t 94 2 43
t 94 3 71
t 94 4 50
t 95 2 39
t 95 3 65
t 95 4 32
t 96 0 70
t 96 2 63
t 96 3 91
t 96 4 50
t 97 1 91
t 97 4 50
t 98 1 99
t 98 2 72
t 98 4 74
t 99 2 48
t 99 4 50
t 100 0 6
t 100 1 101
t 100 2 106
t 100 3 110
t 100 4 74
t 101 0 102
t 101 2 103
t 101 3 105
t 101 4 50
t 102 0 76
t 102 2 39
t 102 3 42
t 102 4 32
t 103 0 64
t 103 1 81
t 103 2 77
t 103 3 104
t 103 4 32
t 104 0 78
t 104 4 20
t 105 0 79
t 105 2 79
t 105 4 32
t 106 0 68
t 106 1 107
t 106 2 80
t 106 3 108
t 106 4 50
t 107 0 46
t 107 2 77
t 107 3 104
t 107 4 32
t 108 0 109
t 108 1 104
t 108 4 32
t 109 0 83
t 109 1 41
t 109 4 20
t 110 0 111
t 110 1 113
t 110 2 84
t 110 4 50
t 111 0 85
t 111 1 112
t 111 2 59
t 111 4 32
t 112 2 37
t 112 4 20
t 113 0 87
t 113 2 59
t 113 4 32
t 114 2 115
t 114 3 118
t 114 4 100
t 115 0 116
t 115 1 96
t 115 2 89
t 115 3 117
t 115 4 74
t 116 0 90
t 116 1 95
t 116 2 63
t 116 3 91
t 116 4 50
t 117 4 50
t 118 2 92
t 118 4 74
t 119 0 120
t 119 1 122
t 119 2 93
t 119 3 123
t 119 4 100
t 120 0 94
t 120 1 121
t 120 2 67
t 120 3 97
t 120 4 74
t 121 2 63
t 121 3 91
t 121 4 50
t 122 0 96
t 122 2 89
t 122 3 117
t 122 4 74
t 123 1 117
t 123 4 74
t 124 1 125
t 124 2 98
t 124 4 100
t 125 2 72
t 125 4 74
t 126 0 5
t 126 1 127
t 126 2 132
t 126 3 136
t 126 4 100
t 127 0 128
t 127 2 129
t 127 3 131
t 127 4 74
t 128 0 102
t 128 2 63
t 128 3 66
t 128 4 50
t 129 0 90
t 129 1 107
t 129 2 103
t 129 3 130
t 129 4 50
t 130 0 104
t 130 4 32
t 131 0 105
t 131 2 105
t 131 4 50
t 132 0 94
t 132 1 133
t 132 2 106
t 132 3 134
t 132 4 74
t 133 0 70
t 133 2 103
t 133 3 130
t 133 4 50
t 134 0 135
t 134 1 130
t 134 4 50
t 135 0 109
t 135 1 65
t 135 4 32
t 136 0 137
t 136 1 139
t 136 2 110
t 136 4 74
t 137 0 111
t 137 1 138
t 137 2 84
t 137 4 50
t 138 2 59
t 138 4 32
t 139 0 113
t 139 2 84
t 139 4 50
t 140 2 141
t 140 3 144
t 140 4 126
t 141 0 142
t 141 1 122
t 141 2 115
t 141 3 143
t 141 4 100
t 142 0 116
t 142 1 121
t 142 2 89
t 142 3 117
t 142 4 74
t 143 4 74
t 144 2 118
t 144 4 100
t 145 0 146
t 145 1 148
t 145 2 119
t 145 3 149
t 145 4 126
t 146 0 120
t 146 1 147
t 146 2 93
t 146 3 123
t 146 4 100
t 147 2 89
t 147 3 117
t 147 4 74
t 148 0 122
t 148 2 115
t 148 3 143
t 148 4 100
t 149 1 143
t 149 4 100
t 150 1 151
t 150 2 124
t 150 4 126
t 151 2 98
t 151 4 100
t 152 0 4
t 152 1 153
t 152 2 158
t 152 3 162
t 152 4 126
t 153 0 154
t 153 2 155
t 153 3 157
t 153 4 100
t 154 0 128
t 154 2 89
t 154 3 92
t 154 4 74
t 155 0 116
t 155 1 133
t 155 2 129
t 155 3 156
t 155 4 74
t 156 0 130
t 156 4 50
t 157 0 131
t 157 2 131
t 157 4 74
t 158 0 120
t 158 1 159
t 158 2 132
t 158 3 160
t 158 4 100
t 159 0 96
t 159 2 129
t 159 3 156
t 159 4 74
t 160 0 161
t 160 1 156
t 160 4 74
t 161 0 135
t 161 1 91
t 161 4 50
t 162 0 163
t 162 1 165
t 162 2 136
t 162 4 100
t 163 0 137
t 163 1 164
t 163 2 110
t 163 4 74
t 164 2 84
t 164 4 50
t 165 0 139
t 165 2 110
t 165 4 74
t 166 0 167
t 166 1 274
t 166 2 276
t 166 3 285
t 166 4 295
t 167 1 168
t 167 2 255
t 167 3 262
t 167 4 272
t 168 0 169
t 168 1 234
t 168 2 236
t 168 3 243
t 168 4 253
t 169 1 170
t 169 2 215
t 169 3 222
t 169 4 232
t 170 0 171
t 170 1 197
t 170 2 199
t 170 3 204
t 170 4 213
t 171 1 172
t 171 2 186
t 171 3 189
t 171 4 195
t 172 0 173
t 172 1 178
t 172 2 180
t 172 3 182
t 172 4 185
t 173 1 174
t 173 2 176
t 173 3 174
t 173 4 177
t 174 0 175
t 174 1 175
t 174 2 175
t 174 3 175
t 174 4 175
t 176 3 175
t 176 4 175
t 177 2 175
t 177 3 175
t 178 0 179
t 178 1 174
t 178 2 176
t 178 3 174
t 178 4 177
t 179 1 175
t 179 2 175
t 179 3 175
t 179 4 175
t 180 3 174
t 180 4 181
t 181 3 175
t 182 0 179
t 182 1 174
t 182 2 183
t 182 3 174
t 182 4 184
t 183 0 175
t 183 1 175
t 183 3 175
t 183 4 175
t 184 2 175
t 185 2 181
t 185 3 177
t 186 3 187
t 186 4 188
t 187 0 179
t 187 1 174
t 187 2 183
t 187 3 174
t 188 3 181
t 189 0 190
t 189 1 192
t 189 2 194
t 189 3 182
t 190 1 174
t 190 2 191
t 190 3 174
t 190 4 184
t 191 1 175
t 191 3 175
t 191 4 175
t 192 0 179
t 192 1 174
t 192 2 193
t 192 3 174
t 192 4 184
t 193 0 175
t 193 3 175
t 193 4 175
t 194 0 191
t 194 1 183
t 194 3 174
t 195 2 196
t 195 3 185
t 196 3 177
t 197 0 198
t 197 1 172
t 197 2 186
t 197 3 189
t 197 4 195
t 198 1 178
t 198 2 180
t 198 3 182
t 198 4 185
t 199 3 200
t 199 4 203
t 200 0 201
t 200 1 202
t 200 2 194
t 200 3 187
t 201 1 174
t 201 2 191
t 201 3 174
t 202 0 179
t 202 1 174
t 202 2 193
t 202 3 174
t 203 3 188
t 204 0 205
t 204 1 208
t 204 2 211
t 204 3 189
t 205 1 206
t 205 2 207
t 205 3 182
t 206 0 179
t 206 1 174
t 206 2 176
t 206 3 174
t 206 4 184
t 207 1 191
t 207 3 174
t 208 0 209
t 208 1 192
t 208 2 210
t 208 3 182
t 209 1 174
t 209 2 176
t 209 3 174
t 209 4 184
t 210 0 176
t 210 3 174
t 211 0 212
t 211 1 194
t 211 3 187
t 212 1 183
t 212 3 174
t 213 2 214
t 213 3 195
t 214 3 185
t 215 3 216
t 215 4 221
t 216 0 217
t 216 1 219
t 216 2 211
t 216 3 200
t 217 1 218
t 217 2 207
t 217 3 187
t 218 0 179
t 218 1 174
t 218 2 176
t 218 3 174
t 219 0 220
t 219 1 202
t 219 2 210
t 219 3 187
t 220 1 174
t 220 2 176
t 220 3 174
t 221 3 203
t 222 0 223
t 222 1 227
t 222 2 230
t 222 3 204
t 223 1 224
t 223 2 226
t 223 3 189
t 224 0 209
t 224 1 206
t 224 2 225
t 224 3 182
t 225 3 174
t 226 1 207
t 226 3 187
t 227 0 228
t 227 1 208
t 227 2 229
t 227 3 189
t 228 1 206
t 228 2 225
t 228 3 182
t 229 0 225
t 229 3 187
t 230 0 231
t 230 1 211
t 230 3 200
t 231 1 194
t 231 3 187
t 232 2 233
t 232 3 213
t 233 3 195
t 234 0 235
t 234 1 170
t 234 2 215
t 234 3 222
t 234 4 232
t 235 1 197
t 235 2 199
t 235 3 204
t 235 4 213
t 236 3 237
t 236 4 242
t 237 0 238
t 237 1 240
t 237 2 230
t 237 3 216
t 238 1 239
t 238 2 226
t 238 3 200
t 239 0 220
t 239 1 218
t 239 2 225
t 239 3 187
t 240 0 241
t 240 1 219
t 240 2 229
t 240 3 200
t 241 1 218
t 241 2 225
t 241 3 187
t 242 3 221
t 243 0 244
t 243 1 248
t 243 2 251
t 243 3 222
t 244 1 245
t 244 2 247
t 244 3 204
t 245 0 228
t 245 1 224
t 245 2 246
t 245 3 189
t 246 3 187
t 247 1 226
t 247 3 200
t 248 0 249
t 248 1 227
t 248 2 250
t 248 3 204
t 249 1 224
t 249 2 246
t 249 3 189
t 250 0 246
t 250 3 200
t 251 0 252
t 251 1 230
t 251 3 216
t 252 1 211
t 252 3 200
t 253 2 254
t 253 3 232
t 254 3 213
t 255 3 256
t 255 4 261
t 256 0 257
t 256 1 259
t 256 2 251
t 256 3 237
t 257 1 258
t 257 2 247
t 257 3 216
t 258 0 241
t 258 1 239
t 258 2 246
t 258 3 200
t 259 0 260
t 259 1 240
t 259 2 250
t 259 3 216
t 260 1 239
t 260 2 246
t 260 3 200
t 261 3 242
t 262 0 263
t 262 1 267
t 262 2 270
t 262 3 243
t 263 1 264
t 263 2 266
t 263 3 222
t 264 0 249
t 264 1 245
t 264 2 265
t 264 3 204
t 265 3 200
t 266 1 247
t 266 3 216
t 267 0 268
t 267 1 248
t 267 2 269
t 267 3 222
t 268 1 245
t 268 2 265
t 268 3 204
t 269 0 265
t 269 3 216
t 270 0 271
t 270 1 251
t 270 3 237
t 271 1 230
t 271 3 216
t 272 2 273
t 272 3 253
t 273 3 232
t 274 0 275
t 274 1 168
t 274 2 255
t 274 3 262
t 274 4 272
t 275 1 234
t 275 2 236
t 275 3 243
t 275 4 253
t 276 0 277
t 276 1 148
t 276 2 141
t 276 3 278
t 276 4 283
t 277 0 142
t 277 1 147
t 277 2 115
t 277 3 143
t 277 4 100
t 278 0 279
t 278 1 281
t 278 2 270
t 278 3 256
t 278 4 100
t 279 1 280
t 279 2 266
t 279 3 237
t 280 0 260
t 280 1 258
t 280 2 265
t 280 3 216
t 281 0 282
t 281 1 259
t 281 2 269
t 281 3 237
t 282 1 258
t 282 2 265
t 282 3 216
t 283 0 5
t 283 1 127
t 283 2 132
t 283 3 284
t 283 4 100
t 284 0 137
t 284 1 139
t 284 2 110
t 284 3 242
t 284 4 74
t 285 0 286
t 285 1 290
t 285 2 293
t 285 3 262
t 285 4 126
t 286 1 287
t 286 2 289
t 286 3 243
t 287 0 268
t 287 1 264
t 287 2 288
t 287 3 222
t 288 3 216
t 289 1 266
t 289 3 237
t 290 0 291
t 290 1 267
t 290 2 292
t 290 3 243
t 291 1 264
t 291 2 288
t 291 3 222
t 292 0 288
t 292 3 237
t 293 0 294
t 293 1 270
t 293 2 118
t 293 3 256
t 293 4 100
t 294 1 251
t 294 3 237
t 295 0 4
t 295 1 153
t 295 2 296
t 295 3 298
t 295 4 126
t 296 0 120
t 296 1 159
t 296 2 132
t 296 3 297
t 296 4 100
t 297 0 161
t 297 1 156
t 297 2 254
t 297 3 232
t 297 4 74
t 298 0 163
t 298 1 165
t 298 2 299
t 298 3 253
t 298 4 100
t 299 0 137
t 299 1 139
t 299 2 110
t 299 3 232
t 299 4 74
t 300 0 301
t 300 1 303
t 300 2 145
t 300 3 310
t 300 4 350
t 301 0 146
t 301 1 302
t 301 2 119
t 301 3 149
t 301 4 126
t 302 2 115
t 302 3 143
t 302 4 100
t 303 0 148
t 303 1 304
t 303 2 141
t 303 3 278
t 303 4 283
t 304 1 305
t 304 3 256
t 304 4 261
t 305 1 306
t 305 3 237
t 305 4 242
t 306 1 307
t 306 3 216
t 306 4 221
t 307 1 308
t 307 3 200
t 307 4 203
t 308 1 309
t 308 3 187
t 308 4 188
t 309 1 191
t 309 3 174
t 309 4 181
t 310 0 311
t 310 1 339
t 310 2 341
t 310 3 343
t 310 4 348
t 311 1 312
t 311 2 313
t 311 3 333
t 311 4 338
t 312 0 282
t 312 1 280
t 312 2 288
t 312 3 237
t 313 1 266
t 313 3 314
t 313 4 332
t 314 0 315
t 314 1 240
t 314 2 324
t 314 3 326
t 314 4 331
t 315 1 239
t 315 2 316
t 315 3 320
t 315 4 323
t 316 1 207
t 316 3 317
t 316 4 319
t 317 0 179
t 317 1 174
t 317 2 183
t 317 3 174
t 317 4 318
t 318 1 175
t 319 1 318
t 320 0 321
t 320 1 202
t 320 2 322
t 320 3 317
t 320 4 319
t 321 1 174
t 321 2 191
t 321 3 174
t 321 4 318
t 322 0 191
t 322 1 183
t 322 3 174
t 322 4 318
t 323 1 319
t 324 0 325
t 324 1 211
t 324 3 320
t 324 4 323
t 325 1 194
t 325 3 317
t 325 4 319
t 326 0 327
t 326 1 219
t 326 2 329
t 326 3 320
t 326 4 323
t 327 1 218
t 327 2 328
t 327 3 317
t 327 4 319
t 328 1 191
t 328 3 174
t 328 4 318
t 329 0 330
t 329 1 194
t 329 3 317
t 329 4 319
t 330 1 183
t 330 3 174
t 330 4 318
t 331 1 323
t 332 1 331
t 333 0 334
t 333 1 259
t 333 2 336
t 333 3 314
t 333 4 332
t 334 1 258
t 334 2 335
t 334 3 326
t 334 4 331
t 335 1 226
t 335 3 320
t 335 4 323
t 336 0 337
t 336 1 230
t 336 3 326
t 336 4 331
t 337 1 211
t 337 3 320
t 337 4 323
t 338 1 332
t 339 0 340
t 339 1 281
t 339 2 292
t 339 3 256
t 339 4 100
t 340 1 280
t 340 2 288
t 340 3 237
t 341 0 342
t 341 1 270
t 341 3 333
t 341 4 338
t 342 1 251
t 342 3 314
t 342 4 332
t 343 0 344
t 343 1 281
t 343 2 346
t 343 3 333
t 343 4 338
t 344 1 280
t 344 2 345
t 344 3 314
t 344 4 332
t 345 1 247
t 345 3 326
t 345 4 331
t 346 0 347
t 346 1 251
t 346 3 314
t 346 4 332
t 347 1 230
t 347 3 326
t 347 4 331
t 348 0 5
t 348 1 349
t 348 2 132
t 348 3 136
t 348 4 100
t 349 0 128
t 349 1 332
t 349 2 129
t 349 3 131
t 349 4 74
t 350 0 4
t 350 1 351
t 350 2 158
t 350 3 359
t 350 4 126
t 351 0 154
t 351 1 352
t 351 2 155
t 351 3 358
t 351 4 100
t 352 1 353
t 352 3 353
t 353 1 354
t 353 3 354
t 354 1 355
t 354 3 355
t 355 1 356
t 355 3 356
t 356 1 357
t 356 3 357
t 357 1 175
t 357 3 175
t 358 0 131
t 358 1 353
t 358 2 131
t 358 3 353
t 358 4 74
t 359 0 163
t 359 1 360
t 359 2 136
t 359 3 352
t 359 4 100
t 360 0 139
t 360 1 353
t 360 2 110
t 360 3 353
t 360 4 74
t 361 0 362
t 361 1 389
t 361 2 392
t 361 3 395
t 361 4 397
t 362 1 363
t 362 2 365
t 362 3 366
t 362 4 387
t 363 0 291
t 363 1 287
t 363 2 364
t 363 3 243
t 364 3 237
t 365 1 289
t 365 3 333
t 365 4 338
t 366 0 367
t 366 1 267
t 366 2 346
t 366 3 383
t 366 4 385
t 367 1 264
t 367 2 345
t 367 3 368
t 367 4 381
t 368 0 369
t 368 1 227
t 368 2 324
t 368 3 377
t 368 4 379
t 369 1 224
t 369 2 316
t 369 3 370
t 369 4 375
t 370 0 371
t 370 1 192
t 370 2 322
t 370 3 373
t 370 4 374
t 371 1 174
t 371 2 191
t 371 3 174
t 371 4 372
t 372 1 175
t 372 2 175
t 373 0 179
t 373 1 174
t 373 2 183
t 373 3 174
t 373 4 372
t 374 1 372
t 374 2 318
t 375 1 376
t 375 2 319
t 376 1 372
t 377 0 378
t 377 1 208
t 377 2 329
t 377 3 370
t 377 4 375
t 378 1 206
t 378 2 328
t 378 3 373
t 378 4 374
t 379 1 380
t 379 2 323
t 380 1 376
t 381 1 382
t 381 2 331
t 382 1 380
t 383 0 384
t 383 1 248
t 383 2 336
t 383 3 368
t 383 4 381
t 384 1 245
t 384 2 335
t 384 3 377
t 384 4 379
t 385 1 386
t 385 2 332
t 386 1 382
t 387 1 388
t 387 2 338
t 388 1 386
t 389 0 390
t 389 1 290
t 389 2 391
t 389 3 262
t 389 4 126
t 390 1 287
t 390 2 364
t 390 3 243
t 391 0 364
t 391 1 125
t 391 2 98
t 391 3 256
t 391 4 100
t 392 0 393
t 392 1 394
t 392 2 124
t 392 3 343
t 392 4 348
t 393 1 270
t 393 3 333
t 393 4 338
t 394 0 294
t 394 1 270
t 394 2 98
t 394 3 256
t 394 4 100
t 395 0 396
t 395 1 290
t 395 2 341
t 395 3 366
t 395 4 387
t 396 1 287
t 396 2 313
t 396 3 383
t 396 4 385
t 397 0 4
t 397 1 398
t 397 2 399
t 397 3 162
t 397 4 126
t 398 0 154
t 398 1 388
t 398 2 155
t 398 3 157
t 398 4 100
t 399 0 120
t 399 1 400
t 399 2 132
t 399 3 160
t 399 4 100
t 400 0 96
t 400 1 332
t 400 2 129
t 400 3 156
t 400 4 74
t 401 0 3
t 401 1 402
t 401 2 429
t 401 3 435
t 401 4 152
t 402 0 403
t 402 1 404
t 402 2 425
t 402 3 427
t 402 4 126
t 403 0 154
t 403 2 115
t 403 3 118
t 403 4 100
t 404 1 405
t 404 2 422
t 404 3 423
t 405 1 406
t 405 2 419
t 405 3 420
t 406 1 407
t 406 2 416
t 406 3 417
t 407 1 408
t 407 2 413
t 407 3 414
t 408 1 409
t 408 2 411
t 408 3 412
t 409 1 410
t 409 2 181
t 409 3 410
t 410 1 175
t 410 2 175
t 410 3 175
t 411 3 410
t 412 1 410
t 412 2 357
t 412 3 410
t 413 3 412
t 414 1 409
t 414 2 415
t 414 3 412
t 415 1 357
t 415 3 410
t 416 3 414
t 417 1 408
t 417 2 418
t 417 3 414
t 418 1 415
t 418 3 412
t 419 3 417
t 420 1 407
t 420 2 421
t 420 3 417
t 421 1 418
t 421 3 414
t 422 3 420
t 423 1 406
t 423 2 424
t 423 3 420
t 424 1 421
t 424 3 417
t 425 0 142
t 425 1 159
t 425 2 155
t 425 3 426
t 425 4 100
t 426 0 156
t 426 1 406
t 426 2 424
t 426 3 420
t 426 4 74
t 427 0 157
t 427 1 405
t 427 2 428
t 427 3 423
t 427 4 100
t 428 0 131
t 428 1 424
t 428 2 131
t 428 3 420
t 428 4 74
t 429 0 146
t 429 1 430
t 429 2 158
t 429 3 432
t 429 4 126
t 430 0 122
t 430 1 431
t 430 2 155
t 430 3 426
t 430 4 100
t 431 1 424
t 431 3 420
t 432 0 433
t 432 1 434
t 432 2 431
t 432 3 423
t 432 4 100
t 433 0 161
t 433 1 117
t 433 4 74
t 434 0 156
t 434 1 406
t 434 2 419
t 434 3 420
t 434 4 74
t 435 0 436
t 435 1 438
t 435 2 440
t 435 3 442
t 435 4 126
t 436 0 163
t 436 1 437
t 436 2 136
t 436 4 100
t 437 2 110
t 437 4 74
t 438 0 165
t 438 1 405
t 438 2 439
t 438 3 423
t 438 4 100
t 439 0 137
t 439 1 139
t 439 2 110
t 439 3 420
t 439 4 74
t 440 0 163
t 440 1 441
t 440 2 136
t 440 3 423
t 440 4 100
t 441 0 139
t 441 1 424
t 441 2 110
t 441 3 420
t 441 4 74
t 442 1 405
t 442 2 431
t 442 3 423
t 443 0 444
t 443 1 446
t 443 2 536
t 443 3 552
t 443 4 560
t 444 0 445
t 444 1 274
t 444 2 276
t 444 3 285
t 444 4 295
t 445 0 403
t 445 2 141
t 445 3 144
t 445 4 126
t 446 0 167
t 446 1 447
t 446 2 523
t 446 3 528
t 446 4 532
t 447 0 275
t 447 1 448
t 447 2 510
t 447 3 515
t 447 4 519
t 448 0 169
t 448 1 449
t 448 2 497
t 448 3 502
t 448 4 506
t 449 0 235
t 449 1 450
t 449 2 484
t 449 3 489
t 449 4 493
t 450 0 171
t 450 1 451
t 450 2 471
t 450 3 476
t 450 4 480
t 451 0 198
t 451 1 452
t 451 2 460
t 451 3 464
t 451 4 468
t 452 0 173
t 452 1 453
t 452 2 455
t 452 3 457
t 452 4 459
t 453 0 179
t 453 1 174
t 453 2 193
t 453 3 174
t 453 4 454
t 454 0 175
t 454 2 175
t 454 3 175
t 455 0 176
t 455 3 174
t 455 4 456
t 456 0 175
t 456 3 175
t 457 0 179
t 457 1 174
t 457 2 183
t 457 3 174
t 457 4 458
t 458 0 175
t 458 2 175
t 459 0 177
t 459 2 456
t 459 3 454
t 460 0 180
t 460 3 461
t 460 4 463
t 461 0 179
t 461 1 174
t 461 2 183
t 461 3 174
t 461 4 462
t 462 0 175
t 463 0 181
t 463 3 456
t 464 0 190
t 464 1 465
t 464 2 466
t 464 3 457
t 464 4 467
t 465 0 179
t 465 1 174
t 465 2 193
t 465 3 174
t 465 4 458
t 466 0 191
t 466 1 183
t 466 3 174
t 466 4 462
t 467 0 184
t 467 2 462
t 468 0 469
t 468 2 470
t 468 3 459
t 469 2 181
t 469 3 454
t 470 0 181
t 470 3 454
t 471 0 186
t 471 3 472
t 471 4 474
t 472 0 201
t 472 1 473
t 472 2 466
t 472 3 461
t 473 0 179
t 473 1 174
t 473 2 193
t 473 3 174
t 473 4 462
t 474 0 475
t 474 3 463
t 475 3 456
t 476 0 205
t 476 1 477
t 476 2 479
t 476 3 464
t 477 0 209
t 477 1 465
t 477 2 478
t 477 3 457
t 477 4 467
t 478 0 176
t 478 3 174
t 478 4 462
t 479 0 212
t 479 1 466
t 479 3 461
t 480 0 481
t 480 2 483
t 480 3 468
t 481 2 482
t 481 3 459
t 482 3 454
t 483 0 482
t 483 3 459
t 484 0 199
t 484 3 485
t 484 4 487
t 485 0 217
t 485 1 486
t 485 2 479
t 485 3 472
t 486 0 220
t 486 1 473
t 486 2 478
t 486 3 461
t 487 0 488
t 487 3 474
t 488 3 463
t 489 0 223
t 489 1 490
t 489 2 492
t 489 3 476
t 490 0 228
t 490 1 477
t 490 2 491
t 490 3 464
t 491 0 225
t 491 3 461
t 492 0 231
t 492 1 479
t 492 3 472
t 493 0 494
t 493 2 496
t 493 3 480
t 494 2 495
t 494 3 468
t 495 3 459
t 496 0 495
t 496 3 468
t 497 0 215
t 497 3 498
t 497 4 500
t 498 0 238
t 498 1 499
t 498 2 492
t 498 3 485
t 499 0 241
t 499 1 486
t 499 2 491
t 499 3 472
t 500 0 501
t 500 3 487
t 501 3 474
t 502 0 244
t 502 1 503
t 502 2 505
t 502 3 489
t 503 0 249
t 503 1 490
t 503 2 504
t 503 3 476
t 504 0 246
t 504 3 472
t 505 0 252
t 505 1 492
t 505 3 485
t 506 0 507
t 506 2 509
t 506 3 493
t 507 2 508
t 507 3 480
t 508 3 468
t 509 0 508
t 509 3 480
t 510 0 236
t 510 3 511
t 510 4 513
t 511 0 257
t 511 1 512
t 511 2 505
t 511 3 498
t 512 0 260
t 512 1 499
t 512 2 504
t 512 3 485
t 513 0 514
t 513 3 500
t 514 3 487
t 515 0 263
t 515 1 516
t 515 2 518
t 515 3 502
t 516 0 268
t 516 1 503
t 516 2 517
t 516 3 489
t 517 0 265
t 517 3 485
t 518 0 271
t 518 1 505
t 518 3 498
t 519 0 520
t 519 2 522
t 519 3 506
t 520 2 521
t 520 3 493
t 521 3 480
t 522 0 521
t 522 3 493
t 523 0 255
t 523 3 524
t 523 4 526
t 524 0 279
t 524 1 525
t 524 2 518
t 524 3 511
t 525 0 282
t 525 1 512
t 525 2 517
t 525 3 498
t 526 0 527
t 526 3 513
t 527 3 500
t 528 0 286
t 528 1 529
t 528 2 531
t 528 3 515
t 529 0 291
t 529 1 516
t 529 2 530
t 529 3 502
t 530 0 288
t 530 3 498
t 531 0 294
t 531 1 518
t 531 3 511
t 532 0 533
t 532 2 535
t 532 3 519
t 533 2 534
t 533 3 506
t 534 3 493
t 535 0 534
t 535 3 506
t 536 0 537
t 536 1 538
t 536 2 542
t 536 3 544
t 536 4 547
t 537 0 277
t 537 1 302
t 537 2 141
t 537 3 278
t 537 4 283
t 538 0 148
t 538 2 539
t 538 3 541
t 538 4 126
t 539 0 142
t 539 1 159
t 539 2 155
t 539 3 540
t 539 4 100
t 540 0 156
t 540 4 74
t 541 0 540
t 541 4 100
t 542 0 277
t 542 1 543
t 542 2 539
t 542 3 541
t 542 4 126
t 543 0 122
t 543 2 155
t 543 3 540
t 543 4 100
t 544 0 545
t 544 1 546
t 544 2 531
t 544 3 524
t 544 4 126
t 545 0 540
t 545 1 312
t 545 2 289
t 545 3 256
t 545 4 100
t 546 0 340
t 546 1 525
t 546 2 530
t 546 3 511
t 547 0 548
t 547 1 153
t 547 2 158
t 547 3 550
t 547 4 126
t 548 0 5
t 548 1 88
t 548 2 93
t 548 3 549
t 548 4 100
t 549 0 514
t 549 1 99
t 549 2 72
t 549 3 500
t 549 4 74
t 550 0 551
t 550 1 165
t 550 2 136
t 550 3 513
t 550 4 100
t 551 0 137
t 551 1 164
t 551 2 110
t 551 3 500
t 551 4 74
t 552 0 553
t 552 1 556
t 552 2 558
t 552 3 528
t 552 4 152
t 553 0 554
t 553 1 363
t 553 2 555
t 553 3 262
t 553 4 126
t 554 0 157
t 554 2 157
t 554 4 100
t 555 0 157
t 555 1 289
t 555 2 157
t 555 3 256
t 555 4 100
t 556 0 390
t 556 1 529
t 556 2 557
t 556 3 515
t 557 0 364
t 557 3 511
t 558 0 559
t 558 1 531
t 558 2 554
t 558 3 524
t 558 4 126
t 559 0 157
t 559 1 270
t 559 2 157
t 559 3 256
t 559 4 100
t 560 0 561
t 560 1 566
t 560 2 567
t 560 3 571
t 560 4 152
t 561 0 4
t 561 1 114
t 561 2 562
t 561 3 564
t 561 4 126
t 562 0 120
t 562 1 122
t 562 2 93
t 562 3 563
t 562 4 100
t 563 0 507
t 563 1 117
t 563 2 509
t 563 3 493
t 563 4 74
t 564 0 520
t 564 1 125
t 564 2 565
t 564 3 506
t 564 4 100
t 565 0 521
t 565 1 99
t 565 2 72
t 565 3 493
t 565 4 74
t 566 0 403
t 566 2 539
t 566 3 554
t 566 4 126
t 567 0 568
t 567 1 543
t 567 2 158
t 567 3 569
t 567 4 126
t 568 0 120
t 568 1 147
t 568 2 93
t 568 3 563
t 568 4 100
t 569 0 570
t 569 1 540
t 569 2 522
t 569 3 506
t 569 4 100
t 570 0 161
t 570 1 117
t 570 2 521
t 570 3 493
t 570 4 74
t 571 0 572
t 571 1 574
t 571 2 575
t 571 3 519
t 571 4 126
t 572 0 163
t 572 1 437
t 572 2 573
t 572 3 506
t 572 4 100
t 573 0 137
t 573 1 139
t 573 2 110
t 573 3 493
t 573 4 74
t 574 0 165
t 574 2 136
t 574 4 100
t 575 0 576
t 575 1 165
t 575 2 136
t 575 3 506
t 575 4 100
t 576 0 137
t 576 1 164
t 576 2 110
t 576 3 493
t 576 4 74
t 577 0 578
t 577 1 592
t 577 2 601
t 577 3 606
t 577 4 642
t 578 0 301
t 578 1 579
t 578 2 145
t 578 3 310
t 578 4 350
t 579 0 580
t 579 1 590
t 579 2 141
t 579 3 278
t 579 4 283
t 580 1 581
t 580 3 256
t 580 4 261
t 581 0 582
t 581 1 588
t 581 3 237
t 581 4 242
t 582 1 583
t 582 3 216
t 582 4 221
t 583 0 584
t 583 1 586
t 583 3 200
t 583 4 203
t 584 1 585
t 584 3 187
t 584 4 188
t 585 0 191
t 585 1 183
t 585 3 174
t 585 4 181
t 586 0 587
t 586 1 585
t 586 3 187
t 586 4 188
t 587 1 183
t 587 3 174
t 587 4 181
t 588 0 589
t 588 1 583
t 588 3 216
t 588 4 221
t 589 1 586
t 589 3 200
t 589 4 203
t 590 0 591
t 590 1 581
t 590 3 256
t 590 4 261
t 591 1 588
t 591 3 237
t 591 4 242
t 592 0 593
t 592 1 594
t 592 2 542
t 592 3 544
t 592 4 547
t 593 0 148
t 593 1 590
t 593 2 141
t 593 3 278
t 593 4 283
t 594 0 580
t 594 1 595
t 594 3 524
t 594 4 526
t 595 0 591
t 595 1 596
t 595 3 511
t 595 4 513
t 596 0 582
t 596 1 597
t 596 3 498
t 596 4 500
t 597 0 589
t 597 1 598
t 597 3 485
t 597 4 487
t 598 0 584
t 598 1 599
t 598 3 472
t 598 4 474
t 599 0 587
t 599 1 600
t 599 3 461
t 599 4 463
t 600 0 191
t 600 1 183
t 600 3 174
t 600 4 456
t 601 0 301
t 601 1 538
t 601 2 602
t 601 3 604
t 601 4 152
t 602 0 146
t 602 1 543
t 602 2 158
t 602 3 603
t 602 4 126
t 603 0 433
t 603 1 540
t 603 4 100
t 604 0 605
t 604 1 541
t 604 4 126
t 605 0 433
t 605 1 143
t 605 4 100
t 606 0 607
t 606 1 609
t 606 2 611
t 606 3 635
t 606 4 637
t 607 0 605
t 607 1 608
t 607 2 365
t 607 3 343
t 607 4 348
t 608 0 340
t 608 1 312
t 608 2 364
t 608 3 256
t 608 4 100
t 609 0 610
t 609 1 546
t 609 2 557
t 609 3 524
t 609 4 126
t 610 0 540
t 610 1 312
t 610 2 364
t 610 3 256
t 610 4 100
t 611 0 393
t 611 1 531
t 611 3 612
t 611 4 633
t 612 0 344
t 612 1 525
t 612 2 613
t 612 3 629
t 612 4 631
t 613 0 347
t 613 1 505
t 613 3 614
t 613 4 627
t 614 0 315
t 614 1 499
t 614 2 615
t 614 3 623
t 614 4 625
t 615 0 325
t 615 1 479
t 615 3 616
t 615 4 621
t 616 0 321
t 616 1 473
t 616 2 617
t 616 3 619
t 616 4 620
t 617 0 191
t 617 1 183
t 617 3 174
t 617 4 618
t 618 0 175
t 618 1 175
t 619 0 179
t 619 1 174
t 619 2 183
t 619 3 174
t 619 4 618
t 620 0 318
t 620 1 618
t 621 0 622
t 621 1 620
t 622 1 618
t 623 0 327
t 623 1 486
t 623 2 624
t 623 3 616
t 623 4 621
t 624 0 330
t 624 1 466
t 624 3 619
t 624 4 620
t 625 0 626
t 625 1 621
t 626 1 620
t 627 0 628
t 627 1 625
t 628 1 621
t 629 0 334
t 629 1 512
t 629 2 630
t 629 3 614
t 629 4 627
t 630 0 337
t 630 1 492
t 630 3 623
t 630 4 625
t 631 0 632
t 631 1 627
t 632 1 625
t 633 0 634
t 633 1 631
t 634 1 627
t 635 0 311
t 635 1 546
t 635 2 636
t 635 3 612
t 635 4 633
t 636 0 342
t 636 1 518
t 636 3 629
t 636 4 631
t 637 0 638
t 637 1 640
t 637 2 158
t 637 3 162
t 637 4 126
t 638 0 5
t 638 1 639
t 638 2 93
t 638 3 98
t 638 4 100
t 639 0 632
t 639 1 627
t 639 2 89
t 639 3 92
t 639 4 74
t 640 0 641
t 640 1 631
t 640 2 155
t 640 3 157
t 640 4 100
t 641 0 128
t 641 1 627
t 641 2 89
t 641 3 92
t 641 4 74
t 642 0 643
t 642 1 659
t 642 2 602
t 642 3 664
t 642 4 152
t 643 0 4
t 643 1 644
t 643 2 119
t 643 3 657
t 643 4 126
t 644 0 645
t 644 1 654
t 644 2 115
t 644 3 656
t 644 4 100
t 645 1 646
t 645 3 646
t 646 0 647
t 646 1 652
t 646 3 652
t 647 1 648
t 647 3 648
t 648 0 649
t 648 1 651
t 648 3 651
t 649 1 650
t 649 3 650
t 650 0 175
t 650 1 175
t 650 3 175
t 651 0 357
t 651 1 650
t 651 3 650
t 652 0 653
t 652 1 648
t 652 3 648
t 653 1 651
t 653 3 651
t 654 0 655
t 654 1 646
t 654 3 646
t 655 1 652
t 655 3 652
t 656 0 655
t 656 1 646
t 656 2 92
t 656 3 646
t 656 4 74
t 657 0 645
t 657 1 658
t 657 2 98
t 657 3 654
t 657 4 100
t 658 0 655
t 658 1 646
t 658 2 72
t 658 3 646
t 658 4 74
t 659 0 660
t 659 1 661
t 659 2 539
t 659 3 662
t 659 4 126
t 660 0 154
t 660 1 654
t 660 2 115
t 660 3 656
t 660 4 100
t 661 0 645
t 661 1 654
t 661 3 654
t 662 0 663
t 662 1 654
t 662 2 157
t 662 3 654
t 662 4 100
t 663 0 131
t 663 1 646
t 663 2 131
t 663 3 646
t 663 4 74
t 664 0 665
t 664 1 667
t 664 2 162
t 664 3 661
t 664 4 126
t 665 0 163
t 665 1 666
t 665 2 136
t 665 3 654
t 665 4 100
t 666 0 655
t 666 1 646
t 666 2 110
t 666 3 646
t 666 4 74
t 667 0 668
t 667 1 654
t 667 2 136
t 667 3 654
t 667 4 100
t 668 0 139
t 668 1 646
t 668 2 110
t 668 3 646
t 668 4 74
t 669 0 670
t 669 1 677
t 669 2 681
t 669 3 687
t 669 4 725
t 670 0 671
t 670 1 673
t 670 2 675
t 670 3 395
t 670 4 397
t 671 0 436
t 671 1 672
t 671 2 162
t 671 4 126
t 672 2 136
t 672 4 100
t 673 0 390
t 673 1 363
t 673 2 674
t 673 3 262
t 673 4 126
t 674 0 163
t 674 1 165
t 674 2 136
t 674 3 256
t 674 4 100
t 675 0 436
t 675 1 676
t 675 2 162
t 675 3 343
t 675 4 348
t 676 0 165
t 676 1 289
t 676 2 136
t 676 3 256
t 676 4 100
t 677 0 678
t 677 1 556
t 677 2 679
t 677 3 528
t 677 4 152
t 678 0 574
t 678 1 363
t 678 2 674
t 678 3 262
t 678 4 126
t 679 0 680
t 679 1 574
t 679 2 162
t 679 3 524
t 679 4 126
t 680 0 163
t 680 1 437
t 680 2 136
t 680 3 256
t 680 4 100
t 681 0 682
t 681 1 684
t 681 2 686
t 681 3 635
t 681 4 637
t 682 0 436
t 682 1 683
t 682 2 162
t 682 3 343
t 682 4 348
t 683 0 294
t 683 1 270
t 683 2 136
t 683 3 256
t 683 4 100
t 684 0 685
t 684 1 531
t 684 2 162
t 684 3 524
t 684 4 126
t 685 0 165
t 685 1 270
t 685 2 136
t 685 3 256
t 685 4 100
t 686 0 436
t 686 1 574
t 686 2 162
t 686 4 126
t 687 0 362
t 687 1 556
t 687 2 611
t 687 3 688
t 687 4 720
t 688 0 396
t 688 1 529
t 688 2 636
t 688 3 689
t 688 4 715
t 689 0 367
t 689 1 516
t 689 2 613
t 689 3 690
t 689 4 710
t 690 0 384
t 690 1 503
t 690 2 630
t 690 3 691
t 690 4 705
t 691 0 369
t 691 1 490
t 691 2 615
t 691 3 692
t 691 4 700
t 692 0 378
t 692 1 477
t 692 2 624
t 692 3 693
t 692 4 697
t 693 0 371
t 693 1 465
t 693 2 617
t 693 3 694
t 693 4 696
t 694 0 179
t 694 1 174
t 694 2 183
t 694 3 174
t 694 4 695
t 695 0 175
t 695 1 175
t 695 2 175
t 696 0 372
t 696 1 695
t 696 2 618
t 697 0 698
t 697 1 699
t 697 2 620
t 698 1 695
t 698 2 318
t 699 0 372
t 699 1 695
t 699 2 462
t 700 0 701
t 700 1 703
t 700 2 621
t 701 1 702
t 701 2 319
t 702 0 372
t 702 1 695
t 703 0 704
t 703 1 699
t 704 1 695
t 705 0 706
t 705 1 708
t 705 2 625
t 706 1 707
t 706 2 323
t 707 0 704
t 707 1 702
t 708 0 709
t 708 1 703
t 709 1 702
t 710 0 711
t 710 1 713
t 710 2 627
t 711 1 712
t 711 2 331
t 712 0 709
t 712 1 707
t 713 0 714
t 713 1 708
t 714 1 707
t 715 0 716
t 715 1 718
t 715 2 631
t 716 1 717
t 716 2 332
t 717 0 714
t 717 1 712
t 718 0 719
t 718 1 713
t 719 1 712
t 720 0 721
t 720 1 723
t 720 2 633
t 721 1 722
t 721 2 338
t 722 0 719
t 722 1 717
t 723 0 724
t 723 1 718
t 724 1 717
t 725 0 726
t 725 1 730
t 725 2 732
t 725 3 686
t 725 4 152
t 726 0 4
t 726 1 727
t 726 2 728
t 726 3 124
t 726 4 126
t 727 0 724
t 727 1 722
t 727 2 115
t 727 3 118
t 727 4 100
t 728 0 120
t 728 1 729
t 728 2 93
t 728 3 123
t 728 4 100
t 729 0 96
t 729 1 332
t 729 2 89
t 729 3 117
t 729 4 74
t 730 0 731
t 730 1 723
t 730 2 539
t 730 3 554
t 730 4 126
t 731 0 154
t 731 1 722
t 731 2 115
t 731 3 118
t 731 4 100
t 732 0 733
t 732 1 735
t 732 2 158
t 732 3 603
t 732 4 126
t 733 0 120
t 733 1 734
t 733 2 93
t 733 3 123
t 733 4 100
t 734 0 632
t 734 1 627
t 734 2 89
t 734 3 117
t 734 4 74
t 735 0 736
t 735 1 631
t 735 2 155
t 735 3 540
t 735 4 100
t 736 0 96
t 736 1 627
t 736 2 89
t 736 3 117
t 736 4 74
t 737 0 738
t 737 1 807
t 737 2 822
t 737 3 833
t 737 4 849
t 738 0 3
t 738 1 739
t 738 2 793
t 738 3 799
t 738 4 152
t 739 0 740
t 739 1 782
t 739 2 784
t 739 3 786
t 739 4 126
t 740 1 741
t 740 2 774
t 740 3 775
t 741 0 742
t 741 1 764
t 741 2 766
t 741 3 767
t 742 1 743
t 742 2 756
t 742 3 757
t 743 0 744
t 743 1 749
t 743 2 751
t 743 3 752
t 744 1 745
t 744 2 747
t 744 3 748
t 745 0 410
t 745 1 746
t 745 2 181
t 745 3 746
t 746 0 175
t 746 1 175
t 746 2 175
t 746 3 175
t 747 3 746
t 748 0 410
t 748 1 746
t 748 2 650
t 748 3 746
t 749 0 750
t 749 1 745
t 749 2 747
t 749 3 748
t 750 1 746
t 750 2 181
t 750 3 746
t 751 3 748
t 752 0 753
t 752 1 754
t 752 2 755
t 752 3 748
t 753 1 746
t 753 2 357
t 753 3 746
t 754 0 410
t 754 1 746
t 754 2 456
t 754 3 746
t 755 0 357
t 755 1 650
t 755 3 746
t 756 3 752
t 757 0 758
t 757 1 760
t 757 2 762
t 757 3 752
t 758 1 745
t 758 2 759
t 758 3 748
t 759 1 357
t 759 3 746
t 760 0 750
t 760 1 754
t 760 2 761
t 760 3 748
t 761 0 181
t 761 3 746
t 762 0 763
t 762 1 755
t 762 3 748
t 763 1 650
t 763 3 746
t 764 0 765
t 764 1 743
t 764 2 756
t 764 3 757
t 765 1 749
t 765 2 751
t 765 3 752
t 766 3 757
t 767 0 768
t 767 1 770
t 767 2 772
t 767 3 757
t 768 1 749
t 768 2 769
t 768 3 752
t 769 1 759
t 769 3 748
t 770 0 744
t 770 1 760
t 770 2 771
t 770 3 752
t 771 0 747
t 771 3 748
t 772 0 773
t 772 1 762
t 772 3 752
t 773 1 755
t 773 3 748
t 774 3 767
t 775 0 776
t 775 1 778
t 775 2 780
t 775 3 767
t 776 1 743
t 776 2 777
t 776 3 757
t 777 1 769
t 777 3 752
t 778 0 765
t 778 1 770
t 778 2 779
t 778 3 757
t 779 0 751
t 779 3 752
t 780 0 781
t 780 1 772
t 780 3 757
t 781 1 762
t 781 3 752
t 782 0 783
t 782 1 741
t 782 2 774
t 782 3 775
t 783 1 764
t 783 2 766
t 783 3 767
t 784 0 142
t 784 1 122
t 784 2 115
t 784 3 785
t 784 4 100
t 785 0 776
t 785 1 778
t 785 2 780
t 785 3 767
t 785 4 74
t 786 0 787
t 786 1 789
t 786 2 791
t 786 3 775
t 786 4 100
t 787 1 764
t 787 2 788
t 787 3 767
t 788 1 777
t 788 3 757
t 789 0 742
t 789 1 778
t 789 2 790
t 789 3 767
t 790 0 756
t 790 3 757
t 791 0 792
t 791 1 780
t 791 2 92
t 791 3 767
t 791 4 74
t 792 1 772
t 792 3 757
t 793 0 146
t 793 1 794
t 793 2 119
t 793 3 796
t 793 4 126
t 794 0 122
t 794 1 795
t 794 2 115
t 794 3 785
t 794 4 100
t 795 1 788
t 795 3 767
t 796 0 787
t 796 1 797
t 796 2 798
t 796 3 775
t 796 4 100
t 797 0 742
t 797 1 778
t 797 2 790
t 797 3 767
t 797 4 74
t 798 0 792
t 798 1 780
t 798 3 767
t 799 0 800
t 799 1 801
t 799 2 803
t 799 3 806
t 799 4 126
t 800 1 741
t 800 2 795
t 800 3 775
t 801 0 783
t 801 1 789
t 801 2 802
t 801 3 775
t 801 4 100
t 802 0 766
t 802 1 99
t 802 2 72
t 802 3 767
t 802 4 74
t 803 0 804
t 803 1 805
t 803 2 98
t 803 3 775
t 803 4 100
t 804 1 780
t 804 3 767
t 805 0 792
t 805 1 780
t 805 2 72
t 805 3 767
t 805 4 74
t 806 0 787
t 806 1 789
t 806 2 798
t 806 3 775
t 807 0 808
t 807 1 809
t 807 2 813
t 807 3 817
t 807 4 152
t 808 0 403
t 808 1 782
t 808 2 784
t 808 3 786
t 808 4 126
t 809 0 740
t 809 1 810
t 809 2 812
t 809 3 806
t 810 0 783
t 810 1 789
t 810 2 811
t 810 3 775
t 811 0 766
t 811 3 767
t 812 0 774
t 812 3 775
t 813 0 814
t 813 1 543
t 813 2 539
t 813 3 815
t 813 4 126
t 814 0 142
t 814 1 147
t 814 2 115
t 814 3 785
t 814 4 100
t 815 0 816
t 815 1 789
t 815 2 798
t 815 3 775
t 815 4 100
t 816 0 156
t 816 1 764
t 816 2 788
t 816 3 767
t 816 4 74
t 817 0 818
t 817 1 810
t 817 2 820
t 817 3 806
t 817 4 126
t 818 0 157
t 818 1 741
t 818 2 819
t 818 3 775
t 818 4 100
t 819 0 131
t 819 1 788
t 819 2 131
t 819 3 767
t 819 4 74
t 820 0 821
t 820 1 798
t 820 2 157
t 820 3 775
t 820 4 100
t 821 0 131
t 821 1 780
t 821 2 131
t 821 3 767
t 821 4 74
t 822 0 823
t 822 1 825
t 822 2 602
t 822 3 828
t 822 4 152
t 823 0 146
t 823 1 824
t 823 2 119
t 823 3 796
t 823 4 126
t 824 0 804
t 824 1 798
t 824 2 115
t 824 3 785
t 824 4 100
t 825 0 826
t 825 1 827
t 825 2 539
t 825 3 815
t 825 4 126
t 826 0 122
t 826 1 798
t 826 2 115
t 826 3 785
t 826 4 100
t 827 0 804
t 827 1 798
t 827 3 775
t 828 0 829
t 828 1 831
t 828 2 827
t 828 3 806
t 828 4 126
t 829 0 433
t 829 1 830
t 829 2 795
t 829 3 775
t 829 4 100
t 830 0 742
t 830 1 764
t 830 2 766
t 830 3 767
t 830 4 74
t 831 0 832
t 831 1 789
t 831 2 811
t 831 3 775
t 831 4 100
t 832 0 156
t 832 1 764
t 832 2 766
t 832 3 767
t 832 4 74
t 833 0 834
t 833 1 839
t 833 2 843
t 833 3 848
t 833 4 152
t 834 0 436
t 834 1 835
t 834 2 837
t 834 3 806
t 834 4 126
t 835 0 783
t 835 1 741
t 835 2 836
t 835 3 775
t 835 4 100
t 836 0 137
t 836 1 139
t 836 2 110
t 836 3 767
t 836 4 74
t 837 0 163
t 837 1 838
t 837 2 136
t 837 3 775
t 837 4 100
t 838 0 139
t 838 1 788
t 838 2 110
t 838 3 767
t 838 4 74
t 839 0 840
t 839 1 810
t 839 2 841
t 839 3 806
t 839 4 126
t 840 0 165
t 840 1 741
t 840 2 836
t 840 3 775
t 840 4 100
t 841 0 842
t 841 1 165
t 841 2 136
t 841 3 775
t 841 4 100
t 842 0 137
t 842 1 164
t 842 2 110
t 842 3 767
t 842 4 74
t 843 0 844
t 843 1 846
t 843 2 162
t 843 3 806
t 843 4 126
t 844 0 163
t 844 1 845
t 844 2 136
t 844 3 775
t 844 4 100
t 845 0 792
t 845 1 780
t 845 2 110
t 845 3 767
t 845 4 74
t 846 0 847
t 846 1 798
t 846 2 136
t 846 3 775
t 846 4 100
t 847 0 139
t 847 1 780
t 847 2 110
t 847 3 767
t 847 4 74
t 848 0 800
t 848 1 810
t 848 2 827
t 848 3 806
t 849 0 3
t 849 1 566
t 849 2 602
t 849 3 686
t 849 4 152
a 11
r 175
