541 5
0
t 0 0 1
t 0 1 251
t 0 2 343
t 0 3 408
t 0 4 458
t 1 0 2
t 1 1 85
t 1 2 156
t 1 3 193
t 1 4 221
t 2 0 3
t 2 1 59
t 2 2 64
t 2 3 69
t 2 4 71
t 3 0 4
t 3 1 35
t 3 2 40
t 3 3 45
t 3 4 47
t 4 0 5
t 4 1 19
t 4 2 23
t 4 3 27
t 4 4 29
t 5 0 6
t 5 1 11
t 5 2 13
t 5 3 16
t 5 4 17
t 6 0 7
t 6 1 9
t 6 2 7
t 6 3 10
t 6 4 7
t 7 0 8
t 7 1 8
t 7 2 8
t 7 3 8
t 7 4 8
t 9 2 8
t 9 3 8
t 9 4 8
t 10 1 8
t 10 2 8
t 10 4 8
t 11 2 7
t 11 3 12
t 11 4 7
t 12 2 8
t 12 4 8
t 13 0 7
t 13 1 14
t 13 2 7
t 13 3 15
t 13 4 7
t 14 0 8
t 14 2 8
t 14 3 8
t 14 4 8
t 15 1 8
t 15 4 8
t 16 1 12
t 16 2 10
t 16 4 7
t 17 0 7
t 17 1 14
t 17 2 7
t 17 3 18
t 17 4 7
t 18 0 8
t 18 1 8
t 18 2 8
t 18 4 8
t 19 2 20
t 19 3 22
t 19 4 17
t 20 0 7
t 20 1 14
t 20 2 7
t 20 3 21
t 20 4 7
t 21 4 8
t 22 2 12
t 22 4 7
t 23 0 24
t 23 1 25
t 23 2 13
t 23 3 26
t 23 4 17
t 24 0 7
t 24 1 9
t 24 2 7
t 24 3 15
t 24 4 7
t 25 0 14
t 25 2 7
t 25 3 21
t 25 4 7
t 26 1 21
t 26 4 7
t 27 1 28
t 27 2 16
t 27 4 17
t 28 2 10
t 28 4 7
t 29 0 6
t 29 1 30
t 29 2 32
t 29 3 34
t 29 4 17
t 30 0 14
t 30 2 7
t 30 3 31
t 30 4 7
t 31 0 8
t 31 2 8
t 31 4 8
t 32 0 7
t 32 1 14
t 32 2 7
t 32 3 33
t 32 4 7
t 33 0 8
t 33 1 8
t 33 4 8
t 34 0 18
t 34 1 31
t 34 2 18
t 34 4 7
t 35 2 36
t 35 3 39
t 35 4 29
t 36 0 37
t 36 1 25
t 36 2 20
t 36 3 38
t 36 4 17
t 37 0 7
t 37 1 9
t 37 2 7
t 37 3 21
t 37 4 7
t 38 4 7
t 39 2 22
t 39 4 17
t 40 0 41
t 40 1 43
t 40 2 23
t 40 3 44
t 40 4 29
t 41 0 24
t 41 1 42
t 41 2 13
t 41 3 26
t 41 4 17
t 42 2 7
t 42 3 21
t 42 4 7
t 43 0 25
t 43 2 20
t 43 3 38
t 43 4 17
t 44 1 38
t 44 4 17
t 45 1 46
t 45 2 27
t 45 4 29
t 46 2 16
t 46 4 17
t 47 0 5
t 47 1 48
t 47 2 53
t 47 3 56
t 47 4 29
t 48 0 49
t 48 2 50
t 48 3 52
t 48 4 17
t 49 0 14
t 49 2 7
t 49 3 12
t 49 4 7
t 50 0 7
t 50 1 14
t 50 2 7
t 50 3 51
t 50 4 7
t 51 0 8
t 51 4 8
t 52 0 31
t 52 2 31
t 52 4 7
t 53 0 24
t 53 1 54
t 53 2 32
t 53 3 55
t 53 4 17
t 54 0 14
t 54 2 7
t 54 3 51
t 54 4 7
t 55 0 33
t 55 1 51
t 55 4 7
t 56 0 57
t 56 1 58
t 56 2 34
t 56 4 17
t 57 0 18
t 57 1 12
t 57 2 18
t 57 4 7
t 58 0 31
t 58 2 18
t 58 4 7
t 59 2 60
t 59 3 63
t 59 4 47
t 60 0 61
t 60 1 43
t 60 2 36
t 60 3 62
t 60 4 29
t 61 0 37
t 61 1 42
t 61 2 20
t 61 3 38
t 61 4 17
t 62 4 17
t 63 2 39
t 63 4 29
t 64 0 65
t 64 1 67
t 64 2 40
t 64 3 68
t 64 4 47
t 65 0 41
t 65 1 66
t 65 2 23
t 65 3 44
t 65 4 29
t 66 2 20
t 66 3 38
t 66 4 17
t 67 0 43
t 67 2 36
t 67 3 62
t 67 4 29
t 68 1 62
t 68 4 29
t 69 1 70
t 69 2 45
t 69 4 47
t 70 2 27
t 70 4 29
t 71 0 4
t 71 1 72
t 71 2 77
t 71 3 81
t 71 4 47
t 72 0 73
t 72 2 74
t 72 3 76
t 72 4 29
t 73 0 49
t 73 2 20
t 73 3 22
t 73 4 17
t 74 0 37
t 74 1 54
t 74 2 50
t 74 3 75
t 74 4 17
t 75 0 51
t 75 4 7
t 76 0 52
t 76 2 52
t 76 4 17
t 77 0 41
t 77 1 78
t 77 2 53
t 77 3 79
t 77 4 29
t 78 0 25
t 78 2 50
t 78 3 75
t 78 4 17
t 79 0 80
t 79 1 75
t 79 4 17
t 80 0 33
t 80 1 21
t 80 4 7
t 81 0 82
t 81 1 84
t 81 2 56
t 81 4 29
t 82 0 57
t 82 1 83
t 82 2 34
t 82 4 17
t 83 2 18
t 83 4 7
t 84 0 58
t 84 2 34
t 84 4 17
t 85 0 86
t 85 1 130
t 85 2 132
t 85 3 141
t 85 4 151
t 86 1 87
t 86 2 114
t 86 3 119
t 86 4 128
t 87 0 88
t 87 1 101
t 87 2 103
t 87 3 106
t 87 4 112
t 88 1 89
t 88 2 95
t 88 3 97
t 88 4 100
t 89 0 90
t 89 1 92
t 89 2 93
t 89 3 92
t 89 4 94
t 90 1 91
t 90 2 91
t 90 3 91
t 90 4 91
t 92 0 91
t 92 1 91
t 92 2 91
t 92 3 91
t 92 4 91
t 93 3 91
t 93 4 91
t 94 2 91
t 94 3 91
t 95 3 92
t 95 4 96
t 96 3 91
t 97 0 90
t 97 1 92
t 97 2 98
t 97 3 92
t 97 4 99
t 98 0 91
t 98 1 91
t 98 3 91
t 98 4 91
t 99 2 91
t 100 2 96
t 100 3 94
t 101 0 102
t 101 1 89
t 101 2 95
t 101 3 97
t 101 4 100
t 102 1 92
t 102 2 93
t 102 3 92
t 102 4 94
t 103 3 104
t 103 4 105
t 104 0 90
t 104 1 92
t 104 2 98
t 104 3 92
t 105 3 96
t 106 0 107
t 106 1 109
t 106 2 111
t 106 3 97
t 107 1 92
t 107 2 108
t 107 3 92
t 107 4 99
t 108 1 91
t 108 3 91
t 108 4 91
t 109 0 90
t 109 1 92
t 109 2 110
t 109 3 92
t 109 4 99
t 110 0 91
t 110 3 91
t 110 4 91
t 111 0 108
t 111 1 98
t 111 3 92
t 112 2 113
t 112 3 100
t 113 3 94
t 114 3 115
t 114 4 118
t 115 0 116
t 115 1 117
t 115 2 111
t 115 3 104
t 116 1 92
t 116 2 108
t 116 3 92
t 117 0 90
t 117 1 92
t 117 2 110
t 117 3 92
t 118 3 105
t 119 0 120
t 119 1 123
t 119 2 126
t 119 3 106
t 120 1 121
t 120 2 122
t 120 3 97
t 121 0 90
t 121 1 92
t 121 2 93
t 121 3 92
t 121 4 99
t 122 1 108
t 122 3 92
t 123 0 124
t 123 1 109
t 123 2 125
t 123 3 97
t 124 1 92
t 124 2 93
t 124 3 92
t 124 4 99
t 125 0 93
t 125 3 92
t 126 0 127
t 126 1 111
t 126 3 104
t 127 1 98
t 127 3 92
t 128 2 129
t 128 3 112
t 129 3 100
t 130 0 131
t 130 1 87
t 130 2 114
t 130 3 119
t 130 4 128
t 131 1 101
t 131 2 103
t 131 3 106
t 131 4 112
t 132 0 133
t 132 1 67
t 132 2 60
t 132 3 134
t 132 4 139
t 133 0 61
t 133 1 66
t 133 2 36
t 133 3 62
t 133 4 29
t 134 0 135
t 134 1 137
t 134 2 126
t 134 3 115
t 134 4 29
t 135 1 136
t 135 2 122
t 135 3 104
t 136 0 90
t 136 1 92
t 136 2 93
t 136 3 92
t 137 0 138
t 137 1 117
t 137 2 125
t 137 3 104
t 138 1 92
t 138 2 93
t 138 3 92
t 139 0 5
t 139 1 48
t 139 2 53
t 139 3 140
t 139 4 29
t 140 0 57
t 140 1 58
t 140 2 34
t 140 3 105
t 140 4 17
t 141 0 142
t 141 1 146
t 141 2 149
t 141 3 119
t 141 4 47
t 142 1 143
t 142 2 145
t 142 3 106
t 143 0 124
t 143 1 121
t 143 2 144
t 143 3 97
t 144 3 92
t 145 1 122
t 145 3 104
t 146 0 147
t 146 1 123
t 146 2 148
t 146 3 106
t 147 1 121
t 147 2 144
t 147 3 97
t 148 0 144
t 148 3 104
t 149 0 150
t 149 1 126
t 149 2 39
t 149 3 115
t 149 4 29
t 150 1 111
t 150 3 104
t 151 0 4
t 151 1 72
t 151 2 152
t 151 3 154
t 151 4 47
t 152 0 41
t 152 1 78
t 152 2 53
t 152 3 153
t 152 4 29
t 153 0 80
t 153 1 75
t 153 2 113
t 153 3 100
t 153 4 17
t 154 0 82
t 154 1 84
t 154 2 155
t 154 3 112
t 154 4 29
t 155 0 57
t 155 1 58
t 155 2 34
t 155 3 100
t 155 4 17
t 156 0 157
t 156 1 159
t 156 2 64
t 156 3 163
t 156 4 185
t 157 0 65
t 157 1 158
t 157 2 40
t 157 3 68
t 157 4 47
t 158 2 36
t 158 3 62
t 158 4 29
t 159 0 67
t 159 1 160
t 159 2 60
t 159 3 134
t 159 4 139
t 160 1 161
t 160 3 115
t 160 4 118
t 161 1 162
t 161 3 104
t 161 4 105
t 162 1 108
t 162 3 92
t 162 4 96
t 163 0 164
t 163 1 174
t 163 2 176
t 163 3 178
t 163 4 183
t 164 1 165
t 164 2 166
t 164 3 170
t 164 4 173
t 165 0 138
t 165 1 136
t 165 2 144
t 165 3 104
t 166 1 122
t 166 3 167
t 166 4 169
t 167 0 90
t 167 1 92
t 167 2 98
t 167 3 92
t 167 4 168
t 168 1 91
t 169 1 168
t 170 0 171
t 170 1 117
t 170 2 172
t 170 3 167
t 170 4 169
t 171 1 92
t 171 2 108
t 171 3 92
t 171 4 168
t 172 0 108
t 172 1 98
t 172 3 92
t 172 4 168
t 173 1 169
t 174 0 175
t 174 1 137
t 174 2 148
t 174 3 115
t 174 4 29
t 175 1 136
t 175 2 144
t 175 3 104
t 176 0 177
t 176 1 126
t 176 3 170
t 176 4 173
t 177 1 111
t 177 3 167
t 177 4 169
t 178 0 179
t 178 1 137
t 178 2 181
t 178 3 170
t 178 4 173
t 179 1 136
t 179 2 180
t 179 3 167
t 179 4 169
t 180 1 108
t 180 3 92
t 180 4 168
t 181 0 182
t 181 1 111
t 181 3 167
t 181 4 169
t 182 1 98
t 182 3 92
t 182 4 168
t 183 0 5
t 183 1 184
t 183 2 53
t 183 3 56
t 183 4 29
t 184 0 49
t 184 1 169
t 184 2 50
t 184 3 52
t 184 4 17
t 185 0 4
t 185 1 186
t 185 2 77
t 185 3 191
t 185 4 47
t 186 0 73
t 186 1 187
t 186 2 74
t 186 3 190
t 186 4 29
t 187 1 188
t 187 3 188
t 188 1 189
t 188 3 189
t 189 1 91
t 189 3 91
t 190 0 52
t 190 1 188
t 190 2 52
t 190 3 188
t 190 4 17
t 191 0 82
t 191 1 192
t 191 2 56
t 191 3 187
t 191 4 29
t 192 0 58
t 192 1 188
t 192 2 34
t 192 3 188
t 192 4 17
t 193 0 194
t 193 1 209
t 193 2 212
t 193 3 215
t 193 4 217
t 194 1 195
t 194 2 197
t 194 3 198
t 194 4 207
t 195 0 147
t 195 1 143
t 195 2 196
t 195 3 106
t 196 3 104
t 197 1 145
t 197 3 170
t 197 4 173
t 198 0 199
t 198 1 123
t 198 2 181
t 198 3 203
t 198 4 205
t 199 1 121
t 199 2 180
t 199 3 200
t 199 4 202
t 200 0 90
t 200 1 92
t 200 2 98
t 200 3 92
t 200 4 201
t 201 1 91
t 201 2 91
t 202 1 201
t 202 2 168
t 203 0 204
t 203 1 109
t 203 2 172
t 203 3 200
t 203 4 202
t 204 1 92
t 204 2 108
t 204 3 92
t 204 4 201
t 205 1 206
t 205 2 169
t 206 1 201
t 207 1 208
t 207 2 173
t 208 1 206
t 209 0 210
t 209 1 146
t 209 2 211
t 209 3 119
t 209 4 47
t 210 1 143
t 210 2 196
t 210 3 106
t 211 0 196
t 211 1 46
t 211 2 27
t 211 3 115
t 211 4 29
t 212 0 213
t 212 1 214
t 212 2 45
t 212 3 178
t 212 4 183
t 213 1 126
t 213 3 170
t 213 4 173
t 214 0 150
t 214 1 126
t 214 2 27
t 214 3 115
t 214 4 29
t 215 0 216
t 215 1 146
t 215 2 176
t 215 3 198
t 215 4 207
t 216 1 143
t 216 2 166
t 216 3 203
t 216 4 205
t 217 0 4
t 217 1 218
t 217 2 219
t 217 3 81
t 217 4 47
t 218 0 73
t 218 1 208
t 218 2 74
t 218 3 76
t 218 4 29
t 219 0 41
t 219 1 220
t 219 2 53
t 219 3 79
t 219 4 29
t 220 0 25
t 220 1 169
t 220 2 50
t 220 3 75
t 220 4 17
t 221 0 3
t 221 1 222
t 221 2 237
t 221 3 243
t 221 4 71
t 222 0 223
t 222 1 224
t 222 2 233
t 222 3 235
t 222 4 47
t 223 0 73
t 223 2 36
t 223 3 39
t 223 4 29
t 224 1 225
t 224 2 230
t 224 3 231
t 225 1 226
t 225 2 228
t 225 3 229
t 226 1 227
t 226 2 96
t 226 3 227
t 227 1 91
t 227 2 91
t 227 3 91
t 228 3 227
t 229 1 227
t 229 2 189
t 229 3 227
t 230 3 229
t 231 1 226
t 231 2 232
t 231 3 229
t 232 1 189
t 232 3 227
t 233 0 61
t 233 1 78
t 233 2 74
t 233 3 234
t 233 4 29
t 234 0 75
t 234 1 226
t 234 2 232
t 234 3 229
t 234 4 17
t 235 0 76
t 235 1 225
t 235 2 236
t 235 3 231
t 235 4 29
t 236 0 52
t 236 1 232
t 236 2 52
t 236 3 229
t 236 4 17
t 237 0 65
t 237 1 238
t 237 2 77
t 237 3 240
t 237 4 47
t 238 0 43
t 238 1 239
t 238 2 74
t 238 3 234
t 238 4 29
t 239 1 232
t 239 3 229
t 240 0 241
t 240 1 242
t 240 2 239
t 240 3 231
t 240 4 29
t 241 0 80
t 241 1 38
t 241 4 17
t 242 0 75
t 242 1 226
t 242 2 228
t 242 3 229
t 242 4 17
t 243 0 244
t 243 1 246
t 243 2 248
t 243 3 250
t 243 4 47
t 244 0 82
t 244 1 245
t 244 2 56
t 244 4 29
t 245 2 34
t 245 4 17
t 246 0 84
t 246 1 225
t 246 2 247
t 246 3 231
t 246 4 29
t 247 0 57
t 247 1 58
t 247 2 34
t 247 3 229
t 247 4 17
t 248 0 82
t 248 1 249
t 248 2 56
t 248 3 231
t 248 4 29
t 249 0 58
t 249 1 232
t 249 2 34
t 249 3 229
t 249 4 17
t 250 1 225
t 250 2 239
t 250 3 231
t 251 0 252
t 251 1 254
t 251 2 302
t 251 3 318
t 251 4 326
t 252 0 253
t 252 1 130
t 252 2 132
t 252 3 141
t 252 4 151
t 253 0 223
t 253 2 60
t 253 3 63
t 253 4 47
t 254 0 86
t 254 1 255
t 254 2 289
t 254 3 294
t 254 4 298
t 255 0 131
t 255 1 256
t 255 2 276
t 255 3 281
t 255 4 285
t 256 0 88
t 256 1 257
t 256 2 265
t 256 3 269
t 256 4 273
t 257 0 102
t 257 1 258
t 257 2 260
t 257 3 262
t 257 4 264
t 258 0 90
t 258 1 92
t 258 2 110
t 258 3 92
t 258 4 259
t 259 0 91
t 259 2 91
t 259 3 91
t 260 0 93
t 260 3 92
t 260 4 261
t 261 0 91
t 261 3 91
t 262 0 90
t 262 1 92
t 262 2 98
t 262 3 92
t 262 4 263
t 263 0 91
t 263 2 91
t 264 0 94
t 264 2 261
t 264 3 259
t 265 0 95
t 265 3 266
t 265 4 268
t 266 0 90
t 266 1 92
t 266 2 98
t 266 3 92
t 266 4 267
t 267 0 91
t 268 0 96
t 268 3 261
t 269 0 107
t 269 1 270
t 269 2 271
t 269 3 262
t 269 4 272
t 270 0 90
t 270 1 92
t 270 2 110
t 270 3 92
t 270 4 263
t 271 0 108
t 271 1 98
t 271 3 92
t 271 4 267
t 272 0 99
t 272 2 267
t 273 0 274
t 273 2 275
t 273 3 264
t 274 2 96
t 274 3 259
t 275 0 96
t 275 3 259
t 276 0 103
t 276 3 277
t 276 4 279
t 277 0 116
t 277 1 278
t 277 2 271
t 277 3 266
t 278 0 90
t 278 1 92
t 278 2 110
t 278 3 92
t 278 4 267
t 279 0 280
t 279 3 268
t 280 3 261
t 281 0 120
t 281 1 282
t 281 2 284
t 281 3 269
t 282 0 124
t 282 1 270
t 282 2 283
t 282 3 262
t 282 4 272
t 283 0 93
t 283 3 92
t 283 4 267
t 284 0 127
t 284 1 271
t 284 3 266
t 285 0 286
t 285 2 288
t 285 3 273
t 286 2 287
t 286 3 264
t 287 3 259
t 288 0 287
t 288 3 264
t 289 0 114
t 289 3 290
t 289 4 292
t 290 0 135
t 290 1 291
t 290 2 284
t 290 3 277
t 291 0 138
t 291 1 278
t 291 2 283
t 291 3 266
t 292 0 293
t 292 3 279
t 293 3 268
t 294 0 142
t 294 1 295
t 294 2 297
t 294 3 281
t 295 0 147
t 295 1 282
t 295 2 296
t 295 3 269
t 296 0 144
t 296 3 266
t 297 0 150
t 297 1 284
t 297 3 277
t 298 0 299
t 298 2 301
t 298 3 285
t 299 2 300
t 299 3 273
t 300 3 264
t 301 0 300
t 301 3 273
t 302 0 303
t 302 1 304
t 302 2 308
t 302 3 310
t 302 4 313
t 303 0 133
t 303 1 158
t 303 2 60
t 303 3 134
t 303 4 139
t 304 0 67
t 304 2 305
t 304 3 307
t 304 4 47
t 305 0 61
t 305 1 78
t 305 2 74
t 305 3 306
t 305 4 29
t 306 0 75
t 306 4 17
t 307 0 306
t 307 4 29
t 308 0 133
t 308 1 309
t 308 2 305
t 308 3 307
t 308 4 47
t 309 0 43
t 309 2 74
t 309 3 306
t 309 4 29
t 310 0 311
t 310 1 312
t 310 2 297
t 310 3 290
t 310 4 47
t 311 0 306
t 311 1 165
t 311 2 145
t 311 3 115
t 311 4 29
t 312 0 175
t 312 1 291
t 312 2 296
t 312 3 277
t 313 0 314
t 313 1 72
t 313 2 77
t 313 3 316
t 313 4 47
t 314 0 5
t 314 1 19
t 314 2 23
t 314 3 315
t 314 4 29
t 315 0 280
t 315 1 28
t 315 2 16
t 315 3 268
t 315 4 17
t 316 0 317
t 316 1 84
t 316 2 56
t 316 3 279
t 316 4 29
t 317 0 57
t 317 1 83
t 317 2 34
t 317 3 268
t 317 4 17
t 318 0 319
t 318 1 322
t 318 2 324
t 318 3 294
t 318 4 71
t 319 0 320
t 319 1 195
t 319 2 321
t 319 3 119
t 319 4 47
t 320 0 76
t 320 2 76
t 320 4 29
t 321 0 76
t 321 1 145
t 321 2 76
t 321 3 115
t 321 4 29
t 322 0 210
t 322 1 295
t 322 2 323
t 322 3 281
t 323 0 196
t 323 3 277
t 324 0 325
t 324 1 297
t 324 2 320
t 324 3 290
t 324 4 47
t 325 0 76
t 325 1 126
t 325 2 76
t 325 3 115
t 325 4 29
t 326 0 327
t 326 1 332
t 326 2 333
t 326 3 337
t 326 4 71
t 327 0 4
t 327 1 35
t 327 2 328
t 327 3 330
t 327 4 47
t 328 0 41
t 328 1 43
t 328 2 23
t 328 3 329
t 328 4 29
t 329 0 274
t 329 1 38
t 329 2 275
t 329 3 264
t 329 4 17
t 330 0 286
t 330 1 46
t 330 2 331
t 330 3 273
t 330 4 29
t 331 0 287
t 331 1 28
t 331 2 16
t 331 3 264
t 331 4 17
t 332 0 223
t 332 2 305
t 332 3 320
t 332 4 47
t 333 0 334
t 333 1 309
t 333 2 77
t 333 3 335
t 333 4 47
t 334 0 41
t 334 1 66
t 334 2 23
t 334 3 329
t 334 4 29
t 335 0 336
t 335 1 306
t 335 2 288
t 335 3 273
t 335 4 29
t 336 0 80
t 336 1 38
t 336 2 287
t 336 3 264
t 336 4 17
t 337 0 338
t 337 1 340
t 337 2 341
t 337 3 285
t 337 4 47
t 338 0 82
t 338 1 245
t 338 2 339
t 338 3 273
t 338 4 29
t 339 0 57
t 339 1 58
t 339 2 34
t 339 3 264
t 339 4 17
t 340 0 84
t 340 2 56
t 340 4 29
t 341 0 342
t 341 1 84
t 341 2 56
t 341 3 273
t 341 4 29
t 342 0 57
t 342 1 83
t 342 2 34
t 342 3 264
t 342 4 17
t 343 0 344
t 343 1 352
t 343 2 358
t 343 3 363
t 343 4 387
t 344 0 157
t 344 1 345
t 344 2 64
t 344 3 163
t 344 4 185
t 345 0 346
t 345 1 350
t 345 2 60
t 345 3 134
t 345 4 139
t 346 1 347
t 346 3 115
t 346 4 118
t 347 0 348
t 347 1 349
t 347 3 104
t 347 4 105
t 348 1 98
t 348 3 92
t 348 4 96
t 349 0 108
t 349 1 98
t 349 3 92
t 349 4 96
t 350 0 351
t 350 1 347
t 350 3 115
t 350 4 118
t 351 1 349
t 351 3 104
t 351 4 105
t 352 0 353
t 352 1 354
t 352 2 308
t 352 3 310
t 352 4 313
t 353 0 67
t 353 1 350
t 353 2 60
t 353 3 134
t 353 4 139
t 354 0 346
t 354 1 355
t 354 3 290
t 354 4 292
t 355 0 351
t 355 1 356
t 355 3 277
t 355 4 279
t 356 0 348
t 356 1 357
t 356 3 266
t 356 4 268
t 357 0 108
t 357 1 98
t 357 3 92
t 357 4 261
t 358 0 157
t 358 1 304
t 358 2 359
t 358 3 361
t 358 4 71
t 359 0 65
t 359 1 309
t 359 2 77
t 359 3 360
t 359 4 47
t 360 0 241
t 360 1 306
t 360 4 29
t 361 0 362
t 361 1 307
t 361 4 47
t 362 0 241
t 362 1 62
t 362 4 29
t 363 0 364
t 363 1 366
t 363 2 368
t 363 3 380
t 363 4 382
t 364 0 362
t 364 1 365
t 364 2 197
t 364 3 178
t 364 4 183
t 365 0 175
t 365 1 165
t 365 2 196
t 365 3 115
t 365 4 29
t 366 0 367
t 366 1 312
t 366 2 323
t 366 3 290
t 366 4 47
t 367 0 306
t 367 1 165
t 367 2 196
t 367 3 115
t 367 4 29
t 368 0 213
t 368 1 297
t 368 3 369
t 368 4 378
t 369 0 179
t 369 1 291
t 369 2 370
t 369 3 374
t 369 4 376
t 370 0 182
t 370 1 271
t 370 3 371
t 370 4 373
t 371 0 90
t 371 1 92
t 371 2 98
t 371 3 92
t 371 4 372
t 372 0 91
t 372 1 91
t 373 0 168
t 373 1 372
t 374 0 171
t 374 1 278
t 374 2 375
t 374 3 371
t 374 4 373
t 375 0 108
t 375 1 98
t 375 3 92
t 375 4 372
t 376 0 377
t 376 1 373
t 377 1 372
t 378 0 379
t 378 1 376
t 379 1 373
t 380 0 164
t 380 1 312
t 380 2 381
t 380 3 369
t 380 4 378
t 381 0 177
t 381 1 284
t 381 3 374
t 381 4 376
t 382 0 383
t 382 1 385
t 382 2 77
t 382 3 81
t 382 4 47
t 383 0 5
t 383 1 384
t 383 2 23
t 383 3 27
t 383 4 29
t 384 0 377
t 384 1 373
t 384 2 20
t 384 3 22
t 384 4 17
t 385 0 386
t 385 1 376
t 385 2 74
t 385 3 76
t 385 4 29
t 386 0 49
t 386 1 373
t 386 2 20
t 386 3 22
t 386 4 17
t 387 0 388
t 387 1 398
t 387 2 359
t 387 3 403
t 387 4 71
t 388 0 4
t 388 1 389
t 388 2 40
t 388 3 396
t 388 4 47
t 389 0 390
t 389 1 393
t 389 2 36
t 389 3 395
t 389 4 29
t 390 1 391
t 390 3 391
t 391 0 189
t 391 1 392
t 391 3 392
t 392 0 91
t 392 1 91
t 392 3 91
t 393 0 394
t 393 1 391
t 393 3 391
t 394 1 392
t 394 3 392
t 395 0 394
t 395 1 391
t 395 2 22
t 395 3 391
t 395 4 17
t 396 0 390
t 396 1 397
t 396 2 27
t 396 3 393
t 396 4 29
t 397 0 394
t 397 1 391
t 397 2 16
t 397 3 391
t 397 4 17
t 398 0 399
t 398 1 400
t 398 2 305
t 398 3 401
t 398 4 47
t 399 0 73
t 399 1 393
t 399 2 36
t 399 3 395
t 399 4 29
t 400 0 390
t 400 1 393
t 400 3 393
t 401 0 402
t 401 1 393
t 401 2 76
t 401 3 393
t 401 4 29
t 402 0 52
t 402 1 391
t 402 2 52
t 402 3 391
t 402 4 17
t 403 0 404
t 403 1 406
t 403 2 81
t 403 3 400
t 403 4 47
t 404 0 82
t 404 1 405
t 404 2 56
t 404 3 393
t 404 4 29
t 405 0 394
t 405 1 391
t 405 2 34
t 405 3 391
t 405 4 17
t 406 0 407
t 406 1 393
t 406 2 56
t 406 3 393
t 406 4 29
t 407 0 58
t 407 1 391
t 407 2 34
t 407 3 391
t 407 4 17
t 408 0 409
t 408 1 416
t 408 2 420
t 408 3 426
t 408 4 446
t 409 0 410
t 409 1 412
t 409 2 414
t 409 3 215
t 409 4 217
t 410 0 244
t 410 1 411
t 410 2 81
t 410 4 47
t 411 2 56
t 411 4 29
t 412 0 210
t 412 1 195
t 412 2 413
t 412 3 119
t 412 4 47
t 413 0 82
t 413 1 84
t 413 2 56
t 413 3 115
t 413 4 29
t 414 0 244
t 414 1 415
t 414 2 81
t 414 3 178
t 414 4 183
t 415 0 84
t 415 1 145
t 415 2 56
t 415 3 115
t 415 4 29
t 416 0 417
t 416 1 322
t 416 2 418
t 416 3 294
t 416 4 71
t 417 0 340
t 417 1 195
t 417 2 413
t 417 3 119
t 417 4 47
t 418 0 419
t 418 1 340
t 418 2 81
t 418 3 290
t 418 4 47
t 419 0 82
t 419 1 245
t 419 2 56
t 419 3 115
t 419 4 29
t 420 0 421
t 420 1 423
t 420 2 425
t 420 3 380
t 420 4 382
t 421 0 244
t 421 1 422
t 421 2 81
t 421 3 178
t 421 4 183
t 422 0 150
t 422 1 126
t 422 2 56
t 422 3 115
t 422 4 29
t 423 0 424
t 423 1 297
t 423 2 81
t 423 3 290
t 423 4 47
t 424 0 84
t 424 1 126
t 424 2 56
t 424 3 115
t 424 4 29
t 425 0 244
t 425 1 340
t 425 2 81
t 425 4 47
t 426 0 194
t 426 1 322
t 426 2 368
t 426 3 427
t 426 4 441
t 427 0 216
t 427 1 295
t 427 2 381
t 427 3 428
t 427 4 436
t 428 0 199
t 428 1 282
t 428 2 370
t 428 3 429
t 428 4 433
t 429 0 204
t 429 1 270
t 429 2 375
t 429 3 430
t 429 4 432
t 430 0 90
t 430 1 92
t 430 2 98
t 430 3 92
t 430 4 431
t 431 0 91
t 431 1 91
t 431 2 91
t 432 0 201
t 432 1 431
t 432 2 372
t 433 0 434
t 433 1 435
t 433 2 373
t 434 1 431
t 434 2 168
t 435 0 201
t 435 1 431
t 435 2 267
t 436 0 437
t 436 1 439
t 436 2 376
t 437 1 438
t 437 2 169
t 438 0 201
t 438 1 431
t 439 0 440
t 439 1 435
t 440 1 431
t 441 0 442
t 441 1 444
t 441 2 378
t 442 1 443
t 442 2 173
t 443 0 440
t 443 1 438
t 444 0 445
t 444 1 439
t 445 1 438
t 446 0 447
t 446 1 451
t 446 2 453
t 446 3 425
t 446 4 71
t 447 0 4
t 447 1 448
t 447 2 449
t 447 3 45
t 447 4 47
t 448 0 445
t 448 1 443
t 448 2 36
t 448 3 39
t 448 4 29
t 449 0 41
t 449 1 450
t 449 2 23
t 449 3 44
t 449 4 29
t 450 0 25
t 450 1 169
t 450 2 20
t 450 3 38
t 450 4 17
t 451 0 452
t 451 1 444
t 451 2 305
t 451 3 320
t 451 4 47
t 452 0 73
t 452 1 443
t 452 2 36
t 452 3 39
t 452 4 29
t 453 0 454
t 453 1 456
t 453 2 77
t 453 3 360
t 453 4 47
t 454 0 41
t 454 1 455
t 454 2 23
t 454 3 44
t 454 4 29
t 455 0 377
t 455 1 373
t 455 2 20
t 455 3 38
t 455 4 17
t 456 0 457
t 456 1 376
t 456 2 74
t 456 3 306
t 456 4 29
t 457 0 25
t 457 1 373
t 457 2 20
t 457 3 38
t 457 4 17
t 458 0 459
t 458 1 498
t 458 2 513
t 458 3 524
t 458 4 540
t 459 0 3
t 459 1 460
t 459 2 484
t 459 3 490
t 459 4 71
t 460 0 461
t 460 1 473
t 460 2 475
t 460 3 477
t 460 4 47
t 461 1 462
t 461 2 468
t 461 3 469
t 462 0 463
t 462 1 465
t 462 2 466
t 462 3 467
t 463 1 464
t 463 2 96
t 463 3 464
t 464 0 91
t 464 1 91
t 464 2 91
t 464 3 91
t 465 0 227
t 465 1 464
t 465 2 96
t 465 3 464
t 466 3 464
t 467 0 227
t 467 1 464
t 467 2 392
t 467 3 464
t 468 3 467
t 469 0 470
t 469 1 471
t 469 2 472
t 469 3 467
t 470 1 464
t 470 2 189
t 470 3 464
t 471 0 227
t 471 1 464
t 471 2 261
t 471 3 464
t 472 0 189
t 472 1 392
t 472 3 464
t 473 0 474
t 473 1 462
t 473 2 468
t 473 3 469
t 474 1 465
t 474 2 466
t 474 3 467
t 475 0 61
t 475 1 43
t 475 2 36
t 475 3 476
t 475 4 29
t 476 0 470
t 476 1 471
t 476 2 472
t 476 3 467
t 476 4 17
t 477 0 478
t 477 1 480
t 477 2 482
t 477 3 469
t 477 4 29
t 478 1 465
t 478 2 479
t 478 3 467
t 479 1 189
t 479 3 464
t 480 0 463
t 480 1 471
t 480 2 481
t 480 3 467
t 481 0 96
t 481 3 464
t 482 0 483
t 482 1 472
t 482 2 22
t 482 3 467
t 482 4 17
t 483 1 392
t 483 3 464
t 484 0 65
t 484 1 485
t 484 2 40
t 484 3 487
t 484 4 47
t 485 0 43
t 485 1 486
t 485 2 36
t 485 3 476
t 485 4 29
t 486 1 479
t 486 3 467
t 487 0 478
t 487 1 488
t 487 2 489
t 487 3 469
t 487 4 29
t 488 0 463
t 488 1 471
t 488 2 481
t 488 3 467
t 488 4 17
t 489 0 483
t 489 1 472
t 489 3 467
t 490 0 491
t 490 1 492
t 490 2 494
t 490 3 497
t 490 4 47
t 491 1 462
t 491 2 486
t 491 3 469
t 492 0 474
t 492 1 480
t 492 2 493
t 492 3 469
t 492 4 29
t 493 0 466
t 493 1 28
t 493 2 16
t 493 3 467
t 493 4 17
t 494 0 495
t 494 1 496
t 494 2 27
t 494 3 469
t 494 4 29
t 495 1 472
t 495 3 467
t 496 0 483
t 496 1 472
t 496 2 16
t 496 3 467
t 496 4 17
t 497 0 478
t 497 1 480
t 497 2 489
t 497 3 469
t 498 0 499
t 498 1 500
t 498 2 504
t 498 3 508
t 498 4 71
t 499 0 223
t 499 1 473
t 499 2 475
t 499 3 477
t 499 4 47
t 500 0 461
t 500 1 501
t 500 2 503
t 500 3 497
t 501 0 474
t 501 1 480
t 501 2 502
t 501 3 469
t 502 0 466
t 502 3 467
t 503 0 468
t 503 3 469
t 504 0 505
t 504 1 309
t 504 2 305
t 504 3 506
t 504 4 47
t 505 0 61
t 505 1 66
t 505 2 36
t 505 3 476
t 505 4 29
t 506 0 507
t 506 1 480
t 506 2 489
t 506 3 469
t 506 4 29
t 507 0 75
t 507 1 465
t 507 2 479
t 507 3 467
t 507 4 17
t 508 0 509
t 508 1 501
t 508 2 511
t 508 3 497
t 508 4 47
t 509 0 76
t 509 1 462
t 509 2 510
t 509 3 469
t 509 4 29
t 510 0 52
t 510 1 479
t 510 2 52
t 510 3 467
t 510 4 17
t 511 0 512
t 511 1 489
t 511 2 76
t 511 3 469
t 511 4 29
t 512 0 52
t 512 1 472
t 512 2 52
t 512 3 467
t 512 4 17
t 513 0 514
t 513 1 516
t 513 2 359
t 513 3 519
t 513 4 71
t 514 0 65
t 514 1 515
t 514 2 40
t 514 3 487
t 514 4 47
t 515 0 495
t 515 1 489
t 515 2 36
t 515 3 476
t 515 4 29
t 516 0 517
t 516 1 518
t 516 2 305
t 516 3 506
t 516 4 47
t 517 0 43
t 517 1 489
t 517 2 36
t 517 3 476
t 517 4 29
t 518 0 495
t 518 1 489
t 518 3 469
t 519 0 520
t 519 1 522
t 519 2 518
t 519 3 497
t 519 4 47
t 520 0 241
t 520 1 521
t 520 2 486
t 520 3 469
t 520 4 29
t 521 0 463
t 521 1 465
t 521 2 466
t 521 3 467
t 521 4 17
t 522 0 523
t 522 1 480
t 522 2 502
t 522 3 469
t 522 4 29
t 523 0 75
t 523 1 465
t 523 2 466
t 523 3 467
t 523 4 17
t 524 0 525
t 524 1 530
t 524 2 534
t 524 3 539
t 524 4 71
t 525 0 244
t 525 1 526
t 525 2 528
t 525 3 497
t 525 4 47
t 526 0 474
t 526 1 462
t 526 2 527
t 526 3 469
t 526 4 29
t 527 0 57
t 527 1 58
t 527 2 34
t 527 3 467
t 527 4 17
t 528 0 82
t 528 1 529
t 528 2 56
t 528 3 469
t 528 4 29
t 529 0 58
t 529 1 479
t 529 2 34
t 529 3 467
t 529 4 17
t 530 0 531
t 530 1 501
t 530 2 532
t 530 3 497
t 530 4 47
t 531 0 84
t 531 1 462
t 531 2 527
t 531 3 469
t 531 4 29
t 532 0 533
t 532 1 84
t 532 2 56
t 532 3 469
t 532 4 29
t 533 0 57
t 533 1 83
t 533 2 34
t 533 3 467
t 533 4 17
t 534 0 535
t 534 1 537
t 534 2 81
t 534 3 497
t 534 4 47
t 535 0 82
t 535 1 536
t 535 2 56
t 535 3 469
t 535 4 29
t 536 0 483
t 536 1 472
t 536 2 34
t 536 3 467
t 536 4 17
t 537 0 538
t 537 1 489
t 537 2 56
t 537 3 469
t 537 4 29
t 538 0 58
t 538 1 472
t 538 2 34
t 538 3 467
t 538 4 17
t 539 0 491
t 539 1 501
t 539 2 518
t 539 3 497
t 540 0 3
t 540 1 332
t 540 2 359
t 540 3 425
t 540 4 71
a 8
r 91
