1349 6
i 707
i 1686
t 0 0 294
t 0 3 542
t 0 4 763
t 1 0 410
t 1 1 670
t 1 2 410
t 2 0 340
t 2 2 719
t 2 3 941
t 2 4 290
t 3 2 399
t 3 4 891
t 3 5 889
t 4 2 245
t 4 3 422
t 4 4 337
t 5 0 410
t 5 1 160
t 5 2 410
t 6 0 185
t 6 1 232
t 6 2 185
t 6 4 185
t 7 0 660
t 7 1 517
t 8 0 761
t 8 1 781
t 8 2 214
t 8 4 214
t 9 0 653
t 9 1 502
t 9 2 461
t 9 3 814
t 10 0 559
t 10 1 3
t 10 2 905
t 10 4 169
t 10 5 645
t 11 1 249
t 11 2 469
t 11 4 130
t 12 0 718
t 12 1 278
t 12 2 756
t 12 3 704
t 12 4 658
t 12 5 424
t 13 0 319
t 13 1 701
t 13 2 259
t 13 3 976
t 13 4 611
t 13 5 516
t 14 0 491
t 14 1 503
t 14 2 491
t 14 4 96
t 14 5 313
t 15 0 96
t 15 1 831
t 15 2 96
t 15 3 498
t 15 4 96
t 15 5 622
t 16 0 653
t 16 1 462
t 16 2 877
t 17 4 627
t 18 0 96
t 18 1 386
t 18 2 96
t 18 3 795
t 18 4 96
t 18 5 474
t 19 0 515
t 20 1 522
t 20 2 778
t 20 4 891
t 20 5 889
t 21 2 869
t 21 4 952
t 22 0 319
t 22 1 157
t 22 2 791
t 22 3 14
t 22 4 851
t 22 5 273
t 23 2 102
t 24 0 491
t 24 1 503
t 24 2 491
t 24 4 96
t 24 5 588
t 25 0 314
t 25 2 599
t 25 4 907
t 25 5 146
t 26 0 739
t 26 2 739
t 26 3 264
t 27 0 382
t 27 1 825
t 27 2 94
t 27 3 345
t 27 4 750
t 28 2 491
t 28 4 96
t 28 5 882
t 29 0 935
t 29 2 269
t 29 3 650
t 29 4 764
t 30 2 439
t 30 3 33
t 30 4 734
t 31 0 714
t 31 1 664
t 31 4 482
t 32 0 896
t 32 1 582
t 32 2 765
t 32 3 936
t 32 4 942
t 32 5 532
t 33 4 389
t 34 2 497
t 34 3 497
t 35 0 874
t 35 1 81
t 35 2 890
t 35 3 190
t 35 4 851
t 35 5 649
t 36 0 349
t 36 3 506
t 36 4 649
t 37 0 914
t 37 1 593
t 37 2 415
t 37 3 11
t 37 4 843
t 38 0 797
t 38 1 384
t 38 2 668
t 38 4 968
t 38 5 150
t 39 0 491
t 39 1 503
t 39 2 491
t 39 4 96
t 39 5 882
t 40 0 0
t 40 3 342
t 40 4 351
t 41 0 940
t 41 1 29
t 41 2 366
t 41 3 151
t 41 4 130
t 42 2 952
t 42 3 869
t 42 4 952
t 43 0 270
t 43 1 120
t 43 4 774
t 44 0 57
t 44 2 427
t 44 4 678
t 44 5 665
t 45 0 828
t 45 1 475
t 45 2 970
t 45 3 95
t 45 4 283
t 45 5 770
t 46 1 497
t 46 3 497
t 47 0 945
t 47 2 730
t 47 3 326
t 47 4 385
t 47 5 261
t 48 0 479
t 48 1 597
t 48 2 735
t 48 4 551
t 48 5 43
t 49 2 600
t 49 3 186
t 49 4 891
t 49 5 889
t 50 0 525
t 50 2 54
t 50 3 897
t 50 4 412
t 51 0 126
t 51 2 112
t 51 4 621
t 51 5 639
t 52 0 458
t 52 1 626
t 52 2 853
t 52 4 648
t 53 0 331
t 54 0 204
t 54 1 203
t 54 2 195
t 54 3 236
t 54 4 813
t 55 0 491
t 55 1 657
t 55 2 491
t 55 4 96
t 55 5 670
t 56 0 141
t 56 2 141
t 56 4 734
t 57 0 126
t 57 2 87
t 57 4 891
t 57 5 889
t 58 2 446
t 58 3 779
t 58 4 554
t 59 0 503
t 59 2 503
t 59 4 96
t 59 5 882
t 60 0 96
t 60 1 831
t 60 2 96
t 60 3 491
t 60 4 96
t 60 5 243
t 61 0 655
t 61 2 195
t 61 3 147
t 61 4 744
t 61 5 580
t 62 0 872
t 62 1 618
t 62 2 24
t 62 4 383
t 62 5 365
t 63 0 576
t 63 1 219
t 63 2 439
t 63 3 33
t 63 4 734
t 64 0 537
t 64 1 739
t 64 2 537
t 64 3 410
t 65 0 625
t 65 1 435
t 65 2 155
t 65 3 484
t 65 4 228
t 65 5 374
t 66 0 177
t 66 1 267
t 66 2 403
t 66 3 165
t 66 4 412
t 67 0 607
t 67 1 563
t 67 4 96
t 67 5 588
t 68 2 163
t 68 4 957
t 68 5 318
t 69 0 655
t 69 2 728
t 69 3 376
t 69 4 744
t 69 5 580
t 70 0 160
t 70 2 410
t 71 0 819
t 71 2 269
t 71 3 236
t 71 4 764
t 72 0 969
t 72 1 159
t 72 2 683
t 72 3 866
t 72 4 750
t 73 0 837
t 73 2 684
t 73 3 57
t 73 4 642
t 73 5 858
t 74 0 123
t 74 1 545
t 74 4 242
t 74 5 544
t 75 1 636
t 75 3 460
t 75 4 500
t 76 0 789
t 76 1 819
t 76 2 334
t 76 3 929
t 76 4 764
t 77 0 798
t 77 2 798
t 77 3 121
t 77 4 194
t 78 2 322
t 78 3 869
t 78 4 322
t 79 0 96
t 79 1 386
t 79 2 96
t 79 3 563
t 79 4 96
t 79 5 299
t 80 4 299
t 81 0 831
t 81 2 96
t 81 3 498
t 81 4 96
t 81 5 622
t 82 0 937
t 82 1 740
t 82 2 254
t 82 3 881
t 83 0 818
t 83 1 480
t 83 3 31
t 83 4 649
t 84 0 47
t 84 2 809
t 84 3 257
t 84 4 237
t 84 5 139
t 85 0 856
t 85 1 452
t 85 2 93
t 85 3 442
t 85 4 604
t 85 5 569
t 86 0 319
t 86 1 404
t 86 2 807
t 86 3 832
t 86 4 611
t 86 5 516
t 87 0 650
t 87 2 650
t 87 4 764
t 88 2 728
t 88 3 492
t 88 4 813
t 89 0 931
t 89 1 462
t 89 2 398
t 90 0 656
t 90 2 131
t 90 3 112
t 90 4 472
t 90 5 946
t 91 0 837
t 91 2 453
t 91 3 561
t 91 4 642
t 91 5 858
t 92 1 754
t 92 2 871
t 92 4 871
t 93 0 128
t 93 1 777
t 93 2 295
t 93 3 499
t 93 4 632
t 93 5 7
t 94 0 696
t 94 1 966
t 94 2 685
t 94 3 152
t 94 4 648
t 95 4 697
t 95 5 540
t 96 0 497
t 96 1 497
t 96 2 497
t 96 3 497
t 96 4 497
t 96 5 497
t 97 0 880
t 97 1 904
t 97 2 415
t 97 3 659
t 97 4 843
t 98 2 398
t 98 3 335
t 99 2 446
t 99 3 691
t 99 4 554
t 100 0 53
t 100 1 946
t 100 3 928
t 101 0 491
t 101 1 657
t 101 2 491
t 101 4 96
t 101 5 882
t 102 1 670
t 102 2 243
t 103 4 714
t 104 0 177
t 104 1 88
t 104 2 572
t 104 3 213
t 104 4 412
t 105 1 206
t 105 4 374
t 106 0 1
t 106 1 566
t 106 2 5
t 107 0 232
t 107 2 232
t 107 4 322
t 108 1 33
t 108 4 734
t 109 0 52
t 109 1 806
t 109 2 906
t 109 4 750
t 110 0 16
t 110 1 608
t 110 2 401
t 111 2 322
t 111 3 882
t 111 4 322
t 112 0 650
t 112 2 362
t 112 4 513
t 112 5 308
t 113 0 448
t 113 2 250
t 113 3 126
t 113 4 891
t 113 5 889
t 114 0 96
t 114 1 831
t 114 2 96
t 114 3 491
t 114 4 96
t 114 5 410
t 115 2 728
t 115 3 493
t 115 4 813
t 116 0 940
t 116 1 397
t 116 2 288
t 116 3 469
t 116 4 130
t 117 0 595
t 117 1 475
t 117 2 810
t 117 3 753
t 117 4 843
t 117 5 974
t 118 0 262
t 118 4 697
t 118 5 540
t 119 0 698
t 119 1 815
t 119 2 861
t 119 3 723
t 119 4 166
t 119 5 796
t 120 0 886
t 120 4 544
t 121 4 894
t 122 0 328
t 122 1 251
t 122 3 531
t 122 4 281
t 123 0 67
t 123 1 134
t 123 4 383
t 123 5 365
t 124 4 528
t 125 1 136
t 125 2 578
t 125 3 373
t 125 4 424
t 126 0 147
t 126 2 650
t 126 4 957
t 126 5 335
t 127 0 641
t 127 1 768
t 127 2 415
t 127 3 274
t 127 4 909
t 127 5 471
t 128 0 449
t 128 1 715
t 128 2 288
t 128 3 543
t 128 4 130
t 129 0 944
t 129 2 26
t 129 3 844
t 130 0 18
t 130 1 411
t 130 2 343
t 130 3 976
t 130 4 383
t 131 0 204
t 131 1 421
t 131 2 174
t 131 3 132
t 131 4 539
t 131 5 727
t 132 0 498
t 132 4 96
t 132 5 264
t 133 2 34
t 134 4 96
t 134 5 882
t 135 2 627
t 135 3 869
t 135 4 627
t 136 2 558
t 136 3 910
t 136 4 954
t 137 0 498
t 137 4 96
t 137 5 664
t 138 0 503
t 138 2 491
t 138 4 96
t 139 0 913
t 139 2 816
t 139 3 550
t 139 4 960
t 140 0 339
t 140 1 552
t 140 2 131
t 140 3 368
t 140 4 472
t 140 5 946
t 141 0 107
t 141 2 107
t 141 4 389
t 142 2 869
t 142 4 322
t 143 0 171
t 143 1 437
t 143 2 399
t 143 4 891
t 143 5 889
t 144 1 938
t 144 2 346
t 144 4 60
t 144 5 871
t 145 1 882
t 145 4 482
t 146 2 286
t 146 4 286
t 147 0 503
t 147 2 503
t 147 4 96
t 147 5 670
t 148 0 210
t 148 1 652
t 148 2 76
t 148 3 732
t 148 4 891
t 148 5 889
t 149 2 96
t 149 3 563
t 149 4 96
t 149 5 324
t 150 0 887
t 150 4 887
t 151 0 501
t 151 1 138
t 151 2 976
t 151 4 383
t 152 0 712
t 152 1 197
t 152 4 734
t 153 0 490
t 153 3 467
t 153 4 83
t 154 0 123
t 154 1 434
t 154 4 130
t 154 5 834
t 155 0 96
t 155 1 831
t 155 2 96
t 155 3 803
t 155 4 96
t 155 5 584
t 156 1 172
t 156 2 216
t 156 4 41
t 156 5 175
t 157 0 831
t 157 2 96
t 157 3 503
t 157 4 96
t 157 5 864
t 158 0 79
t 158 1 81
t 158 2 15
t 158 3 137
t 158 4 539
t 158 5 534
t 159 2 713
t 159 3 418
t 159 4 648
t 160 0 497
t 160 2 497
t 161 0 276
t 161 1 315
t 161 2 606
t 161 3 640
t 161 4 389
t 162 2 631
t 162 3 889
t 163 1 657
t 163 2 795
t 163 4 96
t 163 5 882
t 164 0 800
t 164 1 716
t 164 2 505
t 164 3 908
t 164 4 734
t 165 0 596
t 165 1 236
t 165 4 764
t 166 0 37
t 166 1 629
t 166 2 918
t 166 3 951
t 166 4 508
t 166 5 518
t 167 0 340
t 167 2 77
t 167 3 922
t 167 4 290
t 168 2 416
t 169 0 706
t 169 1 823
t 169 2 366
t 169 3 916
t 169 4 321
t 169 5 211
t 170 0 596
t 170 1 132
t 170 4 513
t 170 5 308
t 171 0 55
t 171 1 187
t 171 2 614
t 171 4 957
t 171 5 335
t 172 2 586
t 172 4 697
t 172 5 540
t 173 0 491
t 173 1 657
t 173 2 491
t 173 4 96
t 173 5 243
t 174 0 96
t 174 1 831
t 174 2 96
t 174 3 498
t 174 4 96
t 174 5 864
t 175 1 573
t 175 4 834
t 176 0 489
t 176 2 839
t 176 3 617
t 176 4 191
t 176 5 337
t 177 0 509
t 177 1 149
t 177 2 838
t 177 3 929
t 177 4 813
t 178 0 127
t 178 1 73
t 178 2 644
t 178 3 841
t 178 4 658
t 178 5 304
t 179 0 258
t 179 2 713
t 179 3 418
t 179 4 648
t 180 4 764
t 181 0 138
t 181 2 811
t 181 4 513
t 181 5 308
t 182 0 171
t 182 1 487
t 182 2 628
t 182 4 621
t 182 5 639
t 183 0 896
t 183 1 381
t 183 2 838
t 183 3 483
t 183 4 744
t 183 5 580
t 184 2 493
t 184 4 764
t 185 0 497
t 185 1 497
t 185 2 497
t 185 4 497
t 186 2 493
t 186 4 957
t 186 5 335
t 187 2 491
t 187 4 96
t 187 5 670
t 188 2 133
t 189 2 212
t 189 4 907
t 189 5 146
t 190 0 607
t 190 1 498
t 190 4 96
t 190 5 714
t 191 0 896
t 191 1 609
t 191 2 205
t 191 3 846
t 191 4 744
t 191 5 580
t 192 1 68
t 192 2 975
t 192 4 321
t 192 5 92
t 193 0 738
t 193 1 223
t 193 2 62
t 193 4 130
t 193 5 834
t 194 0 894
t 194 2 894
t 194 3 232
t 194 4 894
t 195 0 96
t 195 1 831
t 195 2 96
t 195 3 498
t 195 4 96
t 195 5 324
t 196 0 892
t 196 1 467
t 196 4 83
t 197 0 783
t 197 4 389
t 198 0 694
t 198 2 398
t 199 0 498
t 199 4 96
t 199 5 882
t 200 0 96
t 200 1 386
t 200 2 96
t 200 3 795
t 200 4 96
t 200 5 670
t 201 1 882
t 201 4 952
t 202 0 714
t 202 1 882
t 202 4 322
t 203 0 831
t 203 2 96
t 203 3 498
t 203 4 96
t 203 5 324
t 204 0 96
t 204 1 386
t 204 2 96
t 204 3 563
t 204 4 96
t 204 5 324
t 205 0 96
t 205 1 831
t 205 2 96
t 205 3 607
t 205 4 96
t 205 5 324
t 206 4 952
t 207 0 503
t 207 2 503
t 207 4 96
t 207 5 869
t 208 0 831
t 208 2 96
t 208 3 498
t 208 4 96
t 209 0 275
t 209 2 535
t 210 0 200
t 210 1 870
t 210 2 334
t 210 3 483
t 210 4 957
t 210 5 335
t 211 1 893
t 211 2 102
t 212 1 689
t 212 2 586
t 212 4 697
t 212 5 540
t 213 1 492
t 213 4 764
t 214 0 396
t 214 1 826
t 214 2 6
t 214 4 6
t 215 4 322
t 216 1 689
t 216 2 975
t 216 4 130
t 216 5 834
t 217 0 96
t 217 1 831
t 217 2 96
t 217 3 563
t 217 4 96
t 218 0 287
t 218 2 413
t 218 4 891
t 218 5 286
t 219 2 494
t 219 3 215
t 219 4 389
t 220 2 869
t 220 4 627
t 221 0 932
t 221 1 485
t 221 2 549
t 221 3 687
t 221 4 114
t 221 5 5
t 222 0 232
t 222 2 185
t 222 4 322
t 223 0 618
t 223 2 39
t 223 4 764
t 223 5 363
t 224 0 173
t 224 1 592
t 224 2 14
t 224 4 114
t 224 5 5
t 225 0 96
t 225 1 831
t 225 2 96
t 225 3 607
t 225 4 96
t 225 5 264
t 226 0 737
t 226 1 222
t 226 2 432
t 226 4 389
t 227 2 491
t 227 4 96
t 227 5 869
t 228 0 96
t 228 1 831
t 228 2 96
t 228 3 491
t 228 4 96
t 228 5 416
t 229 0 96
t 229 1 386
t 229 2 96
t 229 3 795
t 229 4 96
t 230 0 89
t 230 1 289
t 230 2 329
t 230 3 517
t 231 0 817
t 231 1 855
t 231 2 266
t 231 3 368
t 231 4 968
t 231 5 517
t 232 0 497
t 232 2 497
t 232 4 497
t 233 0 525
t 233 2 720
t 233 3 180
t 233 4 412
t 234 0 656
t 234 2 720
t 234 3 184
t 234 4 412
t 235 0 607
t 235 1 498
t 235 4 96
t 236 0 498
t 236 4 96
t 237 0 284
t 237 1 610
t 237 2 277
t 237 3 702
t 237 4 556
t 237 5 801
t 238 0 252
t 238 2 239
t 238 4 772
t 238 5 824
t 239 0 413
t 239 2 925
t 239 4 968
t 239 5 150
t 240 0 364
t 240 1 227
t 240 2 24
t 240 4 60
t 240 5 871
t 241 4 194
t 242 0 18
t 242 1 405
t 242 2 549
t 242 3 14
t 242 4 577
t 242 5 814
t 243 1 497
t 243 2 497
t 244 0 330
t 244 1 888
t 244 2 341
t 244 3 628
t 244 4 472
t 244 5 946
t 245 2 926
t 245 3 17
t 245 4 135
t 246 0 448
t 246 2 600
t 246 3 186
t 246 4 891
t 246 5 889
t 247 0 930
t 247 2 26
t 247 3 308
t 248 0 96
t 248 1 386
t 248 2 96
t 248 3 795
t 248 4 96
t 248 5 324
t 249 2 679
t 249 4 764
t 250 0 836
t 250 1 208
t 250 2 269
t 250 3 236
t 250 4 764
t 251 0 490
t 251 3 393
t 251 4 83
t 252 0 413
t 252 2 413
t 252 4 697
t 252 5 540
t 253 0 722
t 253 2 494
t 253 3 142
t 253 4 389
t 254 0 16
t 254 1 289
t 254 2 9
t 254 3 928
t 255 2 778
t 255 4 891
t 255 5 889
t 256 0 595
t 256 1 298
t 256 2 408
t 256 3 74
t 256 4 380
t 256 5 281
t 257 0 947
t 257 2 238
t 257 4 279
t 257 5 787
t 258 0 253
t 258 2 439
t 258 3 444
t 258 4 734
t 259 0 96
t 259 1 831
t 259 2 96
t 259 3 607
t 259 4 96
t 259 5 46
t 260 0 675
t 260 1 548
t 260 2 9
t 260 3 535
t 261 2 417
t 261 3 773
t 261 4 4
t 262 0 199
t 262 4 764
t 262 5 363
t 263 0 101
t 263 1 618
t 263 2 39
t 263 4 764
t 263 5 363
t 264 0 497
t 265 1 563
t 265 4 96
t 265 5 474
t 266 0 836
t 266 1 394
t 266 2 920
t 266 3 132
t 266 4 513
t 266 5 308
t 267 0 271
t 267 2 195
t 267 3 236
t 267 4 813
t 268 0 789
t 268 1 394
t 268 2 225
t 268 3 504
t 268 4 513
t 268 5 308
t 269 0 96
t 269 1 831
t 269 2 96
t 269 3 498
t 269 4 96
t 270 0 414
t 270 1 564
t 270 4 544
t 271 0 831
t 271 2 96
t 271 3 563
t 271 4 96
t 271 5 324
t 272 0 96
t 272 1 831
t 272 2 96
t 272 3 563
t 272 4 96
t 272 5 299
t 273 0 354
t 273 1 864
t 273 3 313
t 274 1 522
t 274 2 469
t 274 4 321
t 274 5 211
t 275 0 70
t 275 2 5
t 276 0 322
t 276 1 627
t 276 2 322
t 276 3 588
t 276 4 322
t 277 0 104
t 277 1 511
t 277 2 420
t 277 3 972
t 277 4 244
t 277 5 406
t 278 2 970
t 278 3 879
t 278 4 642
t 278 5 4
t 279 0 148
t 279 1 842
t 279 2 478
t 279 3 182
t 279 4 678
t 279 5 665
t 280 0 714
t 280 1 882
t 280 4 714
t 281 0 865
t 281 1 36
t 281 3 541
t 281 4 83
t 282 0 240
t 282 1 901
t 282 2 62
t 282 4 321
t 282 5 92
t 283 0 330
t 283 1 555
t 283 2 403
t 283 3 399
t 283 4 412
t 284 0 370
t 284 1 768
t 284 2 792
t 284 3 20
t 284 4 642
t 284 5 858
t 285 0 661
t 285 1 437
t 285 2 151
t 285 4 321
t 285 5 211
t 286 2 318
t 286 4 318
t 287 0 207
t 287 2 59
t 287 4 957
t 287 5 318
t 288 0 307
t 288 1 819
t 288 2 878
t 288 3 265
t 288 4 383
t 289 0 694
t 289 2 912
t 289 3 308
t 290 0 602
t 290 2 899
t 290 3 521
t 290 4 194
t 291 2 96
t 291 3 563
t 291 4 96
t 292 0 232
t 292 2 232
t 292 4 232
t 293 2 681
t 293 4 554
t 294 0 745
t 294 3 633
t 294 4 534
t 295 0 449
t 295 1 855
t 295 2 682
t 295 3 560
t 295 4 242
t 295 5 928
t 296 0 829
t 296 1 315
t 296 2 637
t 296 3 783
t 296 4 389
t 297 0 353
t 297 1 113
t 297 2 785
t 297 3 285
t 297 4 169
t 297 5 645
t 298 0 327
t 298 2 158
t 298 3 545
t 298 4 472
t 298 5 763
t 299 3 497
t 299 4 497
t 300 0 55
t 300 1 592
t 300 2 811
t 300 4 884
t 300 5 844
t 301 2 5
t 302 1 627
t 302 2 952
t 302 3 882
t 302 4 952
t 303 0 527
t 303 1 519
t 303 2 320
t 303 4 297
t 303 5 752
t 304 1 162
t 304 2 793
t 304 3 645
t 305 0 766
t 305 1 812
t 305 2 505
t 305 3 465
t 305 4 734
t 306 0 914
t 306 1 769
t 306 2 375
t 306 3 905
t 306 4 843
t 307 0 96
t 307 1 386
t 307 2 96
t 307 3 803
t 307 4 96
t 307 5 474
t 308 0 264
t 309 1 688
t 309 2 92
t 309 4 92
t 310 0 854
t 310 2 464
t 310 3 889
t 311 0 722
t 311 2 637
t 311 3 107
t 311 4 389
t 312 2 795
t 312 4 96
t 313 0 497
t 313 1 497
t 314 0 512
t 314 2 263
t 314 4 891
t 314 5 286
t 315 0 894
t 315 2 322
t 315 3 664
t 315 4 322
t 316 2 728
t 316 3 376
t 316 4 744
t 316 5 580
t 317 0 726
t 317 4 290
t 318 2 869
t 318 4 869
t 319 0 96
t 319 1 386
t 319 2 96
t 319 3 795
t 319 4 96
t 319 5 46
t 320 0 959
t 320 1 883
t 320 2 193
t 320 4 41
t 320 5 175
t 321 0 932
t 321 1 964
t 321 2 343
t 321 3 903
t 321 4 60
t 321 5 102
t 322 0 497
t 322 1 497
t 322 2 497
t 322 3 497
t 322 4 497
t 323 0 97
t 323 1 943
t 323 2 918
t 323 3 673
t 323 4 508
t 323 5 518
t 324 3 497
t 325 1 520
t 325 2 681
t 325 4 554
t 326 2 924
t 326 4 907
t 326 5 146
t 327 0 455
t 327 2 272
t 327 3 134
t 327 4 813
t 327 5 528
t 328 0 865
t 328 1 751
t 328 3 348
t 328 4 83
t 329 0 931
t 329 1 502
t 329 2 912
t 329 3 308
t 330 0 248
t 330 1 404
t 330 2 838
t 330 3 679
t 330 4 813
t 331 0 354
t 331 1 324
t 331 3 474
t 332 2 908
t 332 4 734
t 333 0 591
t 333 1 571
t 333 2 151
t 333 4 130
t 334 0 96
t 334 1 831
t 334 2 96
t 334 3 803
t 334 4 96
t 335 2 670
t 336 0 743
t 336 1 552
t 336 2 759
t 336 3 560
t 336 4 22
t 336 5 646
t 337 2 926
t 337 3 220
t 337 4 135
t 338 0 110
t 338 1 598
t 338 2 254
t 338 3 7
t 339 0 204
t 339 1 149
t 339 2 728
t 339 3 492
t 339 4 813
t 340 0 602
t 340 2 798
t 340 3 344
t 340 4 194
t 341 0 509
t 341 1 421
t 341 2 765
t 341 3 504
t 341 4 539
t 341 5 727
t 342 0 459
t 342 4 763
t 343 0 96
t 343 1 831
t 343 2 96
t 343 3 607
t 343 4 96
t 343 5 474
t 344 2 869
t 344 4 894
t 345 0 568
t 345 1 749
t 345 4 648
t 346 1 657
t 346 2 795
t 346 4 96
t 346 5 588
t 347 0 664
t 347 4 894
t 348 1 775
t 348 4 649
t 349 0 622
t 349 3 882
t 349 4 482
t 350 3 721
t 350 4 500
t 351 0 294
t 351 3 459
t 351 4 763
t 352 0 939
t 352 1 203
t 352 2 259
t 352 3 357
t 352 4 611
t 352 5 516
t 353 0 706
t 353 1 652
t 353 2 288
t 353 3 379
t 353 4 321
t 353 5 211
t 354 0 497
t 354 1 497
t 354 3 497
t 355 1 467
t 355 4 83
t 356 0 96
t 356 1 386
t 356 2 96
t 356 3 795
t 356 4 96
t 356 5 416
t 357 0 607
t 357 1 498
t 357 4 96
t 357 5 474
t 358 0 69
t 358 2 131
t 358 3 919
t 358 4 32
t 358 5 129
t 359 0 154
t 359 1 95
t 359 4 41
t 359 5 175
t 360 0 77
t 360 2 77
t 360 3 241
t 360 4 290
t 361 2 214
t 361 4 214
t 362 0 503
t 362 2 503
t 362 4 96
t 362 5 264
t 363 4 882
t 364 0 491
t 364 1 657
t 364 2 491
t 364 4 96
t 364 5 440
t 365 1 882
t 365 4 588
t 366 0 307
t 366 1 208
t 366 2 343
t 366 3 357
t 366 4 383
t 367 0 503
t 367 2 491
t 367 4 96
t 367 5 869
t 368 0 236
t 368 4 513
t 368 5 308
t 369 2 464
t 369 3 889
t 370 0 183
t 370 1 316
t 370 2 572
t 370 3 732
t 370 4 191
t 370 5 431
t 371 0 537
t 371 1 34
t 371 2 537
t 371 3 243
t 372 0 488
t 372 1 511
t 372 2 140
t 372 3 651
t 372 4 244
t 372 5 406
t 373 1 293
t 373 2 325
t 373 4 954
t 374 1 627
t 374 2 952
t 374 3 440
t 374 4 952
t 375 0 743
t 375 1 267
t 375 2 352
t 375 3 731
t 375 4 13
t 376 2 657
t 376 4 96
t 376 5 670
t 377 0 253
t 377 2 296
t 377 3 141
t 377 4 734
t 378 0 371
t 378 1 710
t 378 2 461
t 378 3 5
t 379 1 605
t 379 2 832
t 379 4 60
t 379 5 102
t 380 0 86
t 380 1 888
t 380 2 759
t 380 3 570
t 380 4 22
t 380 5 646
t 381 2 96
t 381 3 657
t 381 4 96
t 381 5 34
t 382 0 696
t 382 1 30
t 382 2 305
t 382 3 108
t 382 4 648
t 383 0 96
t 383 1 831
t 383 2 96
t 383 3 491
t 383 4 96
t 383 5 474
t 384 0 618
t 384 2 457
t 384 4 513
t 384 5 887
t 385 0 370
t 385 1 630
t 385 2 66
t 385 3 143
t 385 4 642
t 385 5 858
t 386 2 497
t 386 3 497
t 386 4 497
t 386 5 497
t 387 0 576
t 387 1 840
t 387 2 296
t 387 3 197
t 387 4 734
t 388 1 657
t 388 2 795
t 388 4 96
t 388 5 243
t 389 0 322
t 389 1 894
t 389 2 322
t 389 3 185
t 389 4 322
t 390 4 588
t 391 0 171
t 391 1 724
t 391 2 399
t 391 4 891
t 391 5 889
t 392 0 661
t 392 1 487
t 392 2 570
t 392 4 221
t 392 5 535
t 393 0 506
t 393 4 649
t 394 0 831
t 394 2 96
t 394 3 498
t 394 4 96
t 394 5 264
t 395 0 153
t 395 3 915
t 395 4 281
t 396 0 185
t 396 1 869
t 396 2 185
t 396 4 185
t 397 2 217
t 397 3 493
t 397 4 764
t 398 0 537
t 398 1 739
t 398 2 537
t 399 0 949
t 399 1 138
t 399 2 614
t 399 4 764
t 400 0 714
t 400 1 664
t 400 4 714
t 401 0 653
t 401 1 694
t 401 2 877
t 402 0 655
t 402 2 174
t 402 3 799
t 402 4 942
t 402 5 532
t 403 0 509
t 403 1 203
t 403 2 205
t 403 3 235
t 403 4 813
t 404 2 96
t 404 3 657
t 404 4 96
t 404 5 324
t 405 0 831
t 405 2 96
t 405 3 503
t 405 4 96
t 405 5 264
t 406 0 19
t 406 3 517
t 407 0 510
t 407 2 977
t 407 4 678
t 407 5 665
t 408 0 473
t 408 1 794
t 408 2 35
t 408 3 495
t 408 4 22
t 408 5 83
t 409 0 725
t 409 2 247
t 409 3 517
t 410 0 497
t 410 1 497
t 410 2 497
t 411 0 831
t 411 2 96
t 411 3 503
t 411 4 96
t 412 0 248
t 412 1 701
t 412 2 205
t 412 3 614
t 412 4 813
t 413 0 59
t 413 2 59
t 413 4 764
t 413 5 363
t 414 0 280
t 414 1 103
t 414 4 400
t 415 0 743
t 415 1 525
t 415 2 967
t 415 3 543
t 415 4 13
t 416 1 497
t 416 2 497
t 416 3 497
t 417 2 245
t 417 3 808
t 417 4 337
t 418 2 444
t 418 4 734
t 419 1 587
t 419 2 748
t 419 3 201
t 419 4 374
t 420 0 177
t 420 1 552
t 420 2 341
t 420 3 170
t 420 4 472
t 420 5 946
t 421 0 831
t 421 2 96
t 421 3 498
t 421 4 96
t 421 5 864
t 422 2 220
t 422 4 135
t 423 0 805
t 423 2 805
t 423 4 805
t 424 1 58
t 424 2 729
t 424 3 325
t 424 4 954
t 425 0 591
t 425 1 181
t 425 2 570
t 425 4 242
t 425 5 928
t 426 0 949
t 426 1 863
t 426 2 614
t 426 4 764
t 427 0 87
t 427 2 112
t 427 4 968
t 427 5 517
t 428 0 747
t 428 1 180
t 428 4 130
t 429 2 96
t 429 3 657
t 429 4 96
t 430 2 416
t 430 3 670
t 431 2 133
t 431 3 335
t 432 0 185
t 432 1 232
t 432 2 185
t 432 4 322
t 433 0 634
t 433 2 970
t 433 3 95
t 433 4 283
t 433 5 770
t 434 4 764
t 434 5 363
t 435 2 96
t 435 3 657
t 435 4 96
t 435 5 627
t 436 0 96
t 436 1 831
t 436 2 96
t 436 3 491
t 436 4 96
t 436 5 537
t 437 0 672
t 437 2 614
t 437 4 957
t 437 5 335
t 438 0 789
t 438 1 291
t 438 2 334
t 438 3 929
t 438 4 764
t 439 0 829
t 439 1 733
t 439 2 494
t 439 3 215
t 439 4 389
t 440 1 497
t 440 2 497
t 440 4 497
t 441 0 106
t 441 1 301
t 441 2 535
t 442 0 559
t 442 1 848
t 442 2 425
t 442 4 917
t 442 5 881
t 443 2 272
t 443 3 663
t 443 4 744
t 443 5 135
t 444 2 142
t 444 4 389
t 445 0 183
t 445 1 402
t 445 2 341
t 445 3 300
t 445 4 32
t 445 5 129
t 446 1 587
t 446 2 302
t 446 3 206
t 446 4 374
t 447 2 662
t 447 3 335
t 448 0 643
t 448 2 217
t 448 3 376
t 448 4 957
t 448 5 335
t 449 0 307
t 449 1 291
t 449 2 878
t 449 3 265
t 449 4 383
t 450 0 10
t 450 1 407
t 450 2 951
t 450 4 604
t 450 5 569
t 451 2 586
t 451 4 891
t 451 5 286
t 452 0 246
t 452 2 231
t 452 3 51
t 452 4 678
t 452 5 665
t 453 0 339
t 453 1 525
t 453 2 720
t 453 3 180
t 453 4 412
t 454 0 56
t 454 2 56
t 454 4 648
t 455 0 831
t 455 2 96
t 455 3 563
t 455 4 96
t 455 5 299
t 456 0 969
t 456 1 963
t 456 2 94
t 456 3 906
t 456 4 750
t 457 0 491
t 457 1 503
t 457 2 491
t 457 4 96
t 457 5 664
t 458 0 767
t 458 1 862
t 458 2 226
t 458 4 734
t 459 0 620
t 459 4 534
t 460 1 882
t 460 4 584
t 461 0 537
t 461 1 739
t 461 2 537
t 461 3 313
t 462 2 537
t 463 0 138
t 463 2 614
t 463 4 764
t 464 0 931
t 464 1 694
t 464 2 398
t 465 1 215
t 465 4 389
t 466 4 500
t 467 4 649
t 468 0 91
t 468 2 372
t 468 3 44
t 468 4 556
t 468 5 801
t 469 1 312
t 469 2 832
t 469 4 383
t 470 2 961
t 470 4 764
t 470 5 363
t 471 1 447
t 471 2 693
t 471 3 211
t 472 0 248
t 472 1 157
t 472 2 765
t 472 3 811
t 472 4 539
t 472 5 727
t 473 0 874
t 473 1 741
t 473 2 155
t 473 3 911
t 473 4 611
t 473 5 500
t 474 1 497
t 475 2 839
t 475 3 434
t 475 4 412
t 475 5 547
t 476 2 795
t 476 4 96
t 476 5 882
t 477 0 53
t 478 0 438
t 478 1 855
t 478 2 268
t 478 3 170
t 478 4 968
t 478 5 517
t 479 0 959
t 479 1 923
t 479 2 193
t 479 4 41
t 479 5 175
t 480 0 622
t 480 3 664
t 480 4 482
t 481 1 466
t 481 4 75
t 482 0 497
t 482 1 497
t 482 3 497
t 482 4 497
t 483 1 657
t 483 2 795
t 483 4 96
t 483 5 670
t 484 1 657
t 484 2 795
t 484 4 96
t 484 5 440
t 485 0 831
t 485 2 96
t 485 3 503
t 485 4 96
t 485 5 160
t 486 1 869
t 486 2 440
t 486 4 322
t 487 0 672
t 487 2 811
t 487 4 884
t 487 5 844
t 488 0 339
t 488 1 88
t 488 2 720
t 488 3 180
t 488 4 412
t 489 0 955
t 489 2 272
t 489 3 663
t 489 4 744
t 489 5 135
t 490 0 349
t 490 3 775
t 490 4 649
t 491 0 497
t 491 1 497
t 491 2 497
t 491 4 497
t 491 5 497
t 492 4 96
t 493 2 657
t 493 4 96
t 494 0 322
t 494 1 894
t 494 2 322
t 494 3 882
t 494 4 322
t 495 0 67
t 495 1 137
t 495 4 577
t 495 5 400
t 496 2 662
t 498 0 497
t 498 4 497
t 498 5 497
t 499 0 747
t 499 1 368
t 499 4 242
t 499 5 928
t 500 1 299
t 500 3 588
t 500 4 584
t 501 0 491
t 501 1 657
t 501 2 491
t 501 4 96
t 501 5 474
t 502 0 739
t 502 2 537
t 502 3 264
t 503 0 497
t 503 2 497
t 503 4 497
t 503 5 497
t 504 0 607
t 504 1 498
t 504 4 96
t 504 5 264
t 505 0 276
t 505 1 733
t 505 2 567
t 505 3 623
t 505 4 389
t 506 0 664
t 506 4 482
t 507 1 430
t 507 2 523
t 507 3 102
t 508 0 914
t 508 1 90
t 508 2 336
t 508 3 425
t 508 4 380
t 508 5 100
t 509 0 96
t 509 1 386
t 509 2 96
t 509 3 803
t 509 4 96
t 509 5 324
t 510 0 437
t 510 2 399
t 510 4 891
t 510 5 889
t 511 0 525
t 511 2 131
t 511 3 368
t 511 4 472
t 511 5 946
t 512 0 367
t 512 2 39
t 512 4 957
t 512 5 318
t 513 0 96
t 513 1 831
t 513 2 96
t 513 3 491
t 513 4 96
t 513 5 264
t 514 0 229
t 514 1 429
t 514 2 334
t 514 3 679
t 514 4 764
t 515 0 864
t 516 1 324
t 516 3 474
t 517 0 308
t 518 0 477
t 518 1 406
t 518 3 7
t 519 2 599
t 519 4 907
t 519 5 146
t 520 2 736
t 520 4 374
t 521 0 232
t 521 2 232
t 521 4 894
t 522 2 679
t 522 4 957
t 522 5 335
t 523 1 34
t 523 2 416
t 523 3 474
t 524 0 978
t 524 1 402
t 524 2 759
t 524 3 224
t 524 4 654
t 524 5 378
t 525 0 271
t 525 2 728
t 525 3 492
t 525 4 813
t 526 0 607
t 526 1 498
t 526 4 96
t 526 5 313
t 527 0 282
t 527 1 635
t 527 2 193
t 527 4 169
t 527 5 309
t 528 3 882
t 528 4 299
t 529 0 503
t 529 2 491
t 529 4 96
t 529 5 264
t 530 0 12
t 530 1 921
t 530 2 953
t 530 3 612
t 530 4 178
t 530 5 125
t 531 0 892
t 531 1 393
t 531 4 83
t 532 0 739
t 532 2 739
t 532 3 160
t 533 0 927
t 533 1 667
t 533 2 603
t 533 4 603
t 534 0 622
t 534 3 664
t 534 4 622
t 535 0 1
t 535 1 70
t 535 2 5
t 536 0 941
t 536 2 941
t 536 4 290
t 537 0 497
t 537 1 497
t 537 2 497
t 537 3 497
t 538 0 63
t 538 1 966
t 538 2 387
t 538 3 749
t 538 4 648
t 539 0 96
t 539 1 831
t 539 2 96
t 539 3 491
t 539 4 96
t 539 5 864
t 540 4 363
t 541 0 956
t 541 1 506
t 541 4 649
t 542 4 534
t 543 1 492
t 543 4 383
t 544 0 280
t 544 1 708
t 544 4 400
t 545 0 199
t 545 4 513
t 545 5 887
t 546 0 127
t 546 1 830
t 546 2 847
t 546 3 860
t 546 4 658
t 546 5 304
t 547 3 80
t 547 4 528
t 548 0 690
t 548 2 912
t 548 3 844
t 549 0 96
t 549 1 831
t 549 2 96
t 549 3 607
t 549 4 96
t 549 5 313
t 550 0 536
t 550 2 536
t 550 4 2
t 551 0 116
t 551 1 613
t 551 2 295
t 551 3 425
t 551 4 632
t 551 5 7
t 552 0 271
t 552 2 174
t 552 3 132
t 552 4 539
t 552 5 727
t 553 0 127
t 553 1 610
t 553 2 918
t 553 3 442
t 553 4 790
t 553 5 82
t 554 1 42
t 554 2 748
t 554 3 736
t 554 4 374
t 555 0 868
t 555 2 195
t 555 3 650
t 555 4 813
t 556 0 370
t 556 1 358
t 556 2 420
t 556 3 182
t 556 4 445
t 556 5 589
t 557 0 596
t 557 1 492
t 557 4 764
t 558 1 757
t 558 2 446
t 558 3 691
t 558 4 554
t 559 0 661
t 559 1 724
t 559 2 151
t 559 4 321
t 559 5 211
t 560 0 782
t 560 1 132
t 560 4 577
t 560 5 814
t 561 2 184
t 561 4 891
t 561 5 889
t 562 0 55
t 562 1 672
t 562 2 614
t 562 4 957
t 562 5 335
t 563 4 497
t 563 5 497
t 564 4 400
t 565 2 439
t 565 3 444
t 565 4 734
t 566 2 410
t 567 0 322
t 567 1 894
t 567 2 322
t 567 3 588
t 567 4 322
t 568 0 712
t 568 1 33
t 568 4 734
t 569 0 441
t 569 1 209
t 569 2 881
t 570 0 501
t 570 1 529
t 570 2 14
t 570 4 577
t 570 5 814
t 571 2 614
t 571 4 764
t 572 0 509
t 572 1 271
t 572 2 838
t 572 3 929
t 572 4 813
t 573 4 365
t 574 0 303
t 574 1 579
t 574 2 48
t 574 4 85
t 574 5 533
t 575 0 761
t 575 1 948
t 575 2 214
t 575 4 214
t 576 0 829
t 576 1 111
t 576 2 494
t 576 3 215
t 576 4 389
t 577 0 96
t 577 1 831
t 577 2 96
t 577 3 491
t 577 4 96
t 577 5 313
t 578 1 99
t 578 2 729
t 578 3 850
t 578 4 954
t 579 0 25
t 579 2 666
t 579 4 279
t 579 5 787
t 580 2 34
t 580 3 670
t 581 0 937
t 581 1 369
t 581 2 746
t 581 3 645
t 582 0 831
t 582 2 96
t 582 3 503
t 582 4 96
t 582 5 739
t 583 2 39
t 583 4 764
t 583 5 363
t 584 1 497
t 584 3 497
t 584 4 497
t 585 2 922
t 585 4 290
t 586 1 476
t 586 2 163
t 586 4 764
t 586 5 363
t 587 2 952
t 587 3 882
t 587 4 952
t 588 1 497
t 588 4 497
t 589 0 933
t 589 2 247
t 589 3 639
t 590 0 262
t 590 4 968
t 590 5 150
t 591 0 501
t 591 1 863
t 591 2 976
t 591 4 383
t 592 0 503
t 592 2 491
t 592 4 96
t 592 5 160
t 593 2 720
t 593 3 184
t 593 4 412
t 594 2 302
t 594 3 21
t 594 4 374
t 595 0 473
t 595 1 802
t 595 2 669
t 595 3 771
t 595 4 13
t 595 5 75
t 596 0 607
t 596 1 563
t 596 4 96
t 597 0 883
t 597 2 38
t 597 4 772
t 597 5 824
t 598 0 198
t 598 2 329
t 598 3 517
t 599 0 797
t 599 1 223
t 599 2 263
t 599 4 697
t 599 5 540
t 600 0 836
t 600 1 819
t 600 2 217
t 600 3 492
t 600 4 764
t 601 0 643
t 601 2 920
t 601 3 799
t 601 4 884
t 601 5 844
t 602 0 894
t 602 2 894
t 602 3 869
t 602 4 894
t 603 0 8
t 603 1 958
t 603 2 575
t 603 4 575
t 604 0 353
t 604 1 842
t 604 2 295
t 604 3 392
t 604 4 917
t 604 5 881
t 605 2 795
t 605 4 96
t 605 5 670
t 606 0 322
t 606 1 894
t 606 2 322
t 606 3 714
t 606 4 322
t 607 0 497
t 607 1 497
t 607 4 497
t 607 5 497
t 608 2 398
t 609 0 831
t 609 2 96
t 609 3 503
t 609 4 96
t 609 5 34
t 610 0 837
t 610 2 140
t 610 3 51
t 610 4 445
t 610 5 589
t 611 0 96
t 611 1 831
t 611 2 96
t 611 3 491
t 611 4 96
t 611 5 46
t 612 1 189
t 612 2 156
t 612 4 297
t 612 5 752
t 613 0 867
t 613 2 266
t 613 3 112
t 613 4 968
t 613 5 517
t 614 0 491
t 614 1 503
t 614 2 491
t 614 4 96
t 615 1 686
t 615 3 481
t 615 4 974
t 616 0 797
t 616 1 583
t 616 2 263
t 616 4 697
t 616 5 540
t 617 2 961
t 617 4 957
t 617 5 318
t 618 0 503
t 618 2 491
t 618 4 96
t 618 5 882
t 619 0 154
t 619 1 590
t 619 4 632
t 619 5 774
t 620 0 664
t 620 4 622
t 621 0 200
t 621 1 485
t 621 2 225
t 621 3 936
t 621 4 884
t 621 5 844
t 622 0 497
t 622 3 497
t 622 4 497
t 623 1 882
t 623 4 322
t 624 0 581
t 624 1 835
t 624 2 338
t 624 3 569
t 625 0 96
t 625 1 386
t 625 2 96
t 625 3 795
t 625 4 96
t 625 5 952
t 626 2 226
t 626 4 734
t 627 2 497
t 627 3 497
t 627 4 497
t 628 0 949
t 628 1 529
t 628 2 811
t 628 4 513
t 628 5 308
t 629 0 234
t 629 2 140
t 629 3 427
t 629 4 244
t 629 5 406
t 630 0 69
t 630 2 54
t 630 3 126
t 630 4 191
t 630 5 431
t 631 1 168
t 631 2 662
t 632 0 940
t 632 1 671
t 632 2 682
t 632 3 570
t 632 4 242
t 632 5 928
t 633 4 622
t 634 0 327
t 634 2 839
t 634 3 434
t 634 4 412
t 634 5 547
t 635 2 263
t 635 4 891
t 635 5 286
t 636 3 882
t 636 4 584
t 637 0 322
t 637 1 894
t 637 2 322
t 637 3 664
t 637 4 322
t 638 0 933
t 638 2 725
t 638 3 889
t 639 0 844
t 639 2 844
t 640 0 714
t 640 1 664
t 640 4 322
t 641 0 978
t 641 1 316
t 641 2 967
t 641 3 379
t 641 4 973
t 641 5 507
t 642 0 183
t 642 1 61
t 642 2 403
t 642 3 562
t 642 4 191
t 642 5 431
t 643 0 831
t 643 2 96
t 643 3 657
t 643 4 96
t 643 5 670
t 644 0 880
t 644 1 50
t 644 2 375
t 644 3 680
t 644 4 843
t 645 1 23
t 645 2 211
t 646 0 331
t 646 1 727
t 646 3 814
t 647 0 330
t 647 1 115
t 647 2 572
t 647 3 778
t 647 4 412
t 648 0 800
t 648 1 311
t 648 2 161
t 648 3 226
t 648 4 734
t 649 0 482
t 649 1 622
t 649 3 714
t 649 4 482
t 650 0 503
t 650 2 503
t 650 4 96
t 651 0 897
t 651 4 968
t 651 5 517
t 652 2 217
t 652 3 376
t 652 4 957
t 652 5 335
t 653 0 537
t 653 1 34
t 653 2 537
t 653 3 474
t 654 0 356
t 654 1 582
t 654 2 791
t 654 3 687
t 654 4 436
t 654 5 64
t 655 0 831
t 655 2 96
t 655 3 657
t 655 4 96
t 655 5 34
t 656 0 868
t 656 2 728
t 656 3 493
t 656 4 813
t 657 2 497
t 657 4 497
t 657 5 497
t 658 0 641
t 658 1 630
t 658 2 375
t 658 3 285
t 658 4 909
t 658 5 471
t 659 1 180
t 659 4 130
t 660 0 895
t 661 0 173
t 661 1 187
t 661 2 976
t 661 4 60
t 661 5 102
t 662 1 34
t 662 2 416
t 663 2 657
t 663 4 96
t 663 5 869
t 664 0 497
t 664 4 497
t 665 0 639
t 665 2 639
t 666 0 616
t 666 1 873
t 666 2 38
t 666 4 772
t 666 5 824
t 667 0 958
t 667 2 575
t 667 4 575
t 668 0 101
t 668 1 776
t 668 2 457
t 668 4 513
t 668 5 887
t 669 0 874
t 669 1 455
t 669 2 155
t 669 3 911
t 669 4 611
t 669 5 500
t 670 2 497
t 671 0 935
t 671 2 920
t 671 3 362
t 671 4 513
t 671 5 308
t 672 0 503
t 672 2 491
t 672 4 96
t 672 5 670
t 673 0 428
t 673 1 651
t 673 4 632
t 673 5 7
t 674 0 202
t 674 1 783
t 674 4 389
t 675 0 371
t 675 1 699
t 675 2 877
t 675 3 102
t 676 2 839
t 676 3 617
t 676 4 191
t 676 5 337
t 677 2 92
t 677 4 92
t 678 0 210
t 678 1 601
t 678 2 268
t 678 3 300
t 678 4 621
t 678 5 639
t 679 1 657
t 679 2 795
t 679 4 96
t 680 0 747
t 680 1 897
t 680 4 130
t 681 1 700
t 681 2 736
t 681 4 374
t 682 0 307
t 682 1 394
t 682 2 549
t 682 3 526
t 682 4 577
t 682 5 814
t 683 0 696
t 683 1 762
t 683 2 305
t 683 3 108
t 683 4 648
t 684 0 339
t 684 1 267
t 684 2 54
t 684 3 897
t 684 4 412
t 685 0 766
t 685 1 840
t 685 2 161
t 685 3 674
t 685 4 734
t 686 3 466
t 686 4 75
t 687 0 491
t 687 1 503
t 687 2 491
t 687 4 96
t 687 5 410
t 688 2 871
t 688 4 871
t 689 2 163
t 689 4 764
t 689 5 363
t 690 0 739
t 690 2 537
t 690 3 670
t 691 4 374
t 692 2 185
t 692 4 322
t 693 1 168
t 693 2 523
t 694 0 739
t 694 2 537
t 695 0 196
t 695 1 915
t 695 4 281
t 696 0 766
t 696 1 219
t 696 2 505
t 696 3 465
t 696 4 734
t 697 0 229
t 697 1 411
t 697 2 827
t 697 3 614
t 697 4 764
t 698 0 117
t 698 1 875
t 698 2 756
t 698 3 758
t 698 4 306
t 698 5 615
t 699 2 537
t 699 3 670
t 700 2 440
t 700 4 952
t 701 0 831
t 701 2 96
t 701 3 503
t 701 4 96
t 701 5 324
t 702 0 391
t 702 1 848
t 702 2 977
t 702 4 678
t 702 5 665
t 703 0 322
t 703 1 627
t 703 2 322
t 703 3 440
t 703 4 322
t 704 1 451
t 704 2 216
t 704 4 169
t 704 5 309
t 705 0 72
t 705 1 780
t 705 2 27
t 705 3 109
t 705 4 456
t 706 0 932
t 706 1 870
t 706 2 878
t 706 3 388
t 706 4 60
t 706 5 102
t 707 0 530
t 707 1 84
t 707 2 119
t 707 3 574
t 707 4 900
t 707 5 705
t 708 0 664
t 708 4 714
t 709 0 647
t 709 1 90
t 709 2 420
t 709 3 977
t 709 4 244
t 709 5 406
t 710 0 739
t 710 2 537
t 710 3 160
t 711 2 185
t 711 4 185
t 712 0 202
t 712 1 215
t 712 4 389
t 713 0 576
t 713 1 812
t 713 2 439
t 713 3 33
t 713 4 734
t 714 0 497
t 714 1 497
t 714 4 497
t 715 2 217
t 715 3 492
t 715 4 764
t 716 2 494
t 716 3 142
t 716 4 389
t 717 0 491
t 717 1 503
t 717 2 491
t 717 4 96
t 717 5 714
t 718 0 902
t 718 1 676
t 718 2 810
t 718 3 192
t 718 4 909
t 718 5 954
t 719 0 798
t 719 2 899
t 719 3 347
t 719 4 194
t 720 0 204
t 720 1 271
t 720 2 728
t 720 3 492
t 720 4 813
t 721 4 584
t 722 0 894
t 722 2 322
t 722 3 869
t 722 4 322
t 723 0 359
t 723 1 857
t 723 4 551
t 723 5 43
t 724 2 614
t 724 4 957
t 724 5 335
t 725 0 930
t 725 2 930
t 726 0 347
t 726 4 194
t 727 0 864
t 727 3 264
t 728 0 96
t 728 1 831
t 728 2 96
t 728 3 563
t 728 4 96
t 728 5 324
t 729 1 757
t 729 2 419
t 729 3 105
t 729 4 554
t 730 0 828
t 730 1 634
t 730 2 970
t 730 3 95
t 730 4 283
t 730 5 770
t 731 0 782
t 731 1 236
t 731 4 383
t 732 1 605
t 732 2 679
t 732 4 957
t 732 5 335
t 733 0 894
t 733 2 322
t 733 3 882
t 733 4 322
t 734 0 703
t 734 1 821
t 734 2 606
t 734 3 432
t 734 4 389
t 735 0 959
t 735 1 873
t 735 2 885
t 735 4 632
t 735 5 774
t 736 1 869
t 736 2 440
t 736 4 952
t 737 0 185
t 737 1 869
t 737 2 185
t 737 4 322
t 738 0 872
t 738 1 28
t 738 2 24
t 738 4 383
t 738 5 365
t 739 0 497
t 739 2 497
t 739 3 497
t 740 0 854
t 740 2 329
t 740 3 639
t 741 2 96
t 741 3 563
t 741 4 96
t 741 5 299
t 742 0 828
t 742 1 298
t 742 2 788
t 742 3 590
t 742 4 244
t 742 5 351
t 743 0 939
t 743 1 149
t 743 2 807
t 743 3 265
t 743 4 611
t 743 5 516
t 744 0 96
t 744 1 831
t 744 2 96
t 744 3 491
t 744 4 96
t 744 5 34
t 745 0 622
t 745 3 882
t 745 4 622
t 746 0 16
t 746 1 198
t 746 2 401
t 747 0 782
t 747 1 492
t 747 4 383
t 748 1 627
t 748 2 952
t 748 3 588
t 748 4 952
t 749 0 197
t 749 4 734
t 750 0 164
t 750 1 377
t 750 2 685
t 750 3 853
t 750 4 648
t 751 3 775
t 751 4 649
t 752 1 677
t 752 2 309
t 752 4 309
t 753 1 434
t 753 4 130
t 753 5 834
t 754 2 440
t 754 4 440
t 755 0 77
t 755 2 719
t 755 3 726
t 755 4 290
t 756 0 595
t 756 1 634
t 756 2 810
t 756 3 753
t 756 4 843
t 756 5 974
t 757 2 302
t 757 3 206
t 757 4 374
t 758 1 95
t 758 4 41
t 758 5 175
t 759 0 939
t 759 1 421
t 759 2 791
t 759 3 526
t 759 4 851
t 759 5 273
t 760 3 467
t 760 4 83
t 761 0 396
t 761 1 711
t 761 2 6
t 761 4 6
t 762 0 812
t 762 2 439
t 762 3 33
t 762 4 734
t 763 0 745
t 763 3 620
t 763 4 534
t 764 0 96
t 764 1 831
t 764 2 96
t 764 3 491
t 764 4 96
t 765 0 96
t 765 1 831
t 765 2 96
t 765 3 607
t 765 4 96
t 765 5 864
t 766 0 276
t 766 1 111
t 766 2 567
t 766 3 623
t 766 4 389
t 767 0 737
t 767 1 692
t 767 2 432
t 767 4 389
t 768 2 720
t 768 3 186
t 768 4 191
t 768 5 431
t 769 0 656
t 769 2 54
t 769 3 87
t 769 4 412
t 770 3 124
t 770 4 547
t 771 1 134
t 771 4 383
t 771 5 365
t 772 0 514
t 772 1 671
t 772 2 268
t 772 3 628
t 772 4 968
t 772 5 517
t 773 2 422
t 773 4 337
t 774 0 414
t 774 1 886
t 774 4 544
t 775 4 482
t 776 0 503
t 776 2 491
t 776 4 96
t 776 5 664
t 777 0 845
t 777 2 266
t 777 3 368
t 777 4 968
t 777 5 517
t 778 1 312
t 778 2 679
t 778 4 764
t 779 2 21
t 779 4 374
t 780 0 179
t 780 2 538
t 780 3 454
t 780 4 750
t 781 2 6
t 781 4 6
t 782 0 607
t 782 1 563
t 782 4 96
t 782 5 474
t 783 0 664
t 783 4 322
t 784 2 440
t 784 4 322
t 785 0 449
t 785 1 71
t 785 2 366
t 785 3 731
t 785 4 130
t 786 0 449
t 786 1 845
t 786 2 288
t 786 3 543
t 786 4 130
t 787 0 423
t 787 2 423
t 787 4 423
t 788 0 833
t 788 1 794
t 788 2 158
t 788 3 545
t 788 4 472
t 788 5 763
t 789 0 96
t 789 1 386
t 789 2 96
t 789 3 803
t 789 4 96
t 790 0 641
t 790 1 358
t 790 2 336
t 790 3 392
t 790 4 524
t 790 5 260
t 791 0 96
t 791 1 831
t 791 2 96
t 791 3 607
t 791 4 96
t 791 5 354
t 792 0 177
t 792 1 525
t 792 2 572
t 792 3 213
t 792 4 412
t 793 1 496
t 793 2 693
t 794 0 455
t 794 2 15
t 794 3 137
t 794 4 539
t 794 5 534
t 795 1 497
t 795 2 497
t 795 4 497
t 795 5 497
t 796 0 849
t 796 1 395
t 796 3 695
t 796 4 122
t 797 0 101
t 797 1 28
t 797 2 39
t 797 4 764
t 797 5 363
t 798 0 894
t 798 2 894
t 798 3 882
t 798 4 894
t 799 0 503
t 799 2 503
t 799 4 96
t 799 5 160
t 800 0 703
t 800 1 78
t 800 2 567
t 800 3 486
t 800 4 389
t 801 0 638
t 801 2 409
t 801 3 665
t 802 2 272
t 802 3 134
t 802 4 813
t 802 5 528
t 803 1 497
t 803 4 497
t 803 5 497
t 804 3 882
t 804 4 482
t 805 0 292
t 805 2 292
t 805 4 292
t 806 0 965
t 806 2 853
t 806 4 648
t 807 0 96
t 807 1 831
t 807 2 96
t 807 3 803
t 807 4 96
t 807 5 46
t 808 4 135
t 809 0 45
t 809 1 971
t 809 2 742
t 809 3 857
t 809 4 709
t 809 5 40
t 810 0 473
t 810 1 327
t 810 2 669
t 810 3 771
t 810 4 13
t 810 5 75
t 811 0 491
t 811 1 503
t 811 2 491
t 811 4 96
t 811 5 264
t 812 0 733
t 812 2 494
t 812 3 215
t 812 4 389
t 813 0 96
t 813 1 831
t 813 2 96
t 813 3 491
t 813 4 96
t 813 5 324
t 814 0 313
t 814 1 264
t 815 0 433
t 815 2 742
t 815 3 857
t 815 4 709
t 815 5 40
t 816 0 360
t 816 2 755
t 816 3 317
t 816 4 2
t 817 0 836
t 817 1 291
t 817 2 217
t 817 3 492
t 817 4 764
t 818 0 482
t 818 1 299
t 818 3 588
t 818 4 482
t 819 0 831
t 819 2 96
t 819 3 563
t 819 4 96
t 820 0 789
t 820 1 208
t 820 2 827
t 820 3 235
t 820 4 764
t 821 0 894
t 821 2 322
t 821 3 232
t 821 4 322
t 822 0 222
t 822 2 432
t 822 4 389
t 823 0 643
t 823 2 269
t 823 3 147
t 823 4 957
t 823 5 335
t 824 0 150
t 824 4 150
t 825 0 762
t 825 2 387
t 825 3 749
t 825 4 648
t 826 0 232
t 826 2 185
t 826 4 185
t 827 0 96
t 827 1 831
t 827 2 96
t 827 3 607
t 827 4 96
t 828 0 833
t 828 1 802
t 828 2 839
t 828 3 434
t 828 4 412
t 828 5 547
t 829 0 322
t 829 1 627
t 829 2 322
t 829 3 882
t 829 4 322
t 830 2 453
t 830 3 561
t 830 4 642
t 830 5 858
t 831 0 497
t 831 2 497
t 831 3 497
t 831 4 497
t 831 5 497
t 832 1 657
t 832 2 795
t 832 4 96
t 832 5 474
t 833 0 79
t 833 1 741
t 833 2 272
t 833 3 134
t 833 4 813
t 833 5 528
t 834 1 390
t 834 4 365
t 835 0 310
t 835 2 230
t 835 3 665
t 836 0 96
t 836 1 386
t 836 2 96
t 836 3 563
t 836 4 96
t 837 0 69
t 837 2 720
t 837 3 186
t 837 4 191
t 837 5 431
t 838 0 96
t 838 1 831
t 838 2 96
t 838 3 803
t 838 4 96
t 838 5 324
t 839 0 79
t 839 1 455
t 839 2 272
t 839 3 134
t 839 4 813
t 839 5 528
t 840 0 733
t 840 2 637
t 840 3 783
t 840 4 389
t 841 0 559
t 841 1 510
t 841 2 905
t 841 4 169
t 841 5 645
t 842 0 448
t 842 2 266
t 842 3 919
t 842 4 621
t 842 5 639
t 843 0 86
t 843 1 555
t 843 2 352
t 843 3 151
t 843 4 13
t 844 0 160
t 844 2 160
t 845 0 819
t 845 2 217
t 845 3 492
t 845 4 764
t 846 0 491
t 846 1 503
t 846 2 491
t 846 4 96
t 846 5 670
t 847 0 880
t 847 1 233
t 847 2 415
t 847 3 659
t 847 4 843
t 848 0 437
t 848 2 628
t 848 4 621
t 848 5 639
t 849 0 328
t 849 1 760
t 849 3 355
t 849 4 281
t 850 1 691
t 850 4 554
t 851 0 96
t 851 1 831
t 851 2 96
t 851 3 491
t 851 4 96
t 851 5 354
t 852 1 934
t 852 2 908
t 852 4 734
t 853 0 767
t 853 1 822
t 853 2 226
t 853 4 734
t 854 0 690
t 854 2 398
t 854 3 335
t 855 0 819
t 855 2 920
t 855 3 132
t 855 4 513
t 855 5 308
t 856 0 353
t 856 1 49
t 856 2 786
t 856 3 274
t 856 4 169
t 856 5 645
t 857 0 118
t 857 4 772
t 857 5 824
t 858 2 188
t 858 3 889
t 859 1 721
t 859 4 500
t 860 1 255
t 860 2 11
t 860 4 169
t 860 5 645
t 861 0 117
t 861 1 971
t 861 2 256
t 861 3 619
t 861 4 508
t 861 5 122
t 862 2 432
t 862 4 389
t 863 2 491
t 863 4 96
t 864 0 497
t 864 3 497
t 865 0 818
t 865 1 804
t 865 3 145
t 865 4 649
t 866 1 332
t 866 2 852
t 866 4 648
t 867 0 935
t 867 2 217
t 867 3 493
t 867 4 764
t 868 0 831
t 868 2 96
t 868 3 657
t 868 4 96
t 868 5 324
t 869 2 497
t 869 4 497
t 870 2 96
t 870 3 657
t 870 4 96
t 870 5 670
t 871 1 869
t 871 2 440
t 871 4 440
t 872 0 491
t 872 1 657
t 872 2 491
t 872 4 96
t 872 5 588
t 873 0 223
t 873 2 668
t 873 4 968
t 873 5 150
t 874 0 96
t 874 1 386
t 874 2 96
t 874 3 803
t 874 4 96
t 874 5 584
t 875 2 970
t 875 3 95
t 875 4 283
t 875 5 770
t 876 0 872
t 876 1 776
t 876 2 717
t 876 4 577
t 876 5 400
t 877 0 537
t 877 1 739
t 877 2 537
t 877 3 474
t 878 0 96
t 878 1 831
t 878 2 96
t 878 3 803
t 878 4 96
t 878 5 474
t 879 2 470
t 879 4 891
t 879 5 286
t 880 0 743
t 880 1 88
t 880 2 967
t 880 3 543
t 880 4 13
t 881 0 106
t 881 1 275
t 881 2 535
t 882 4 497
t 883 0 223
t 883 2 263
t 883 4 697
t 883 5 540
t 884 0 96
t 884 1 831
t 884 2 96
t 884 3 491
t 884 4 96
t 884 5 160
t 885 0 738
t 885 1 384
t 885 2 876
t 885 4 242
t 885 5 544
t 886 0 708
t 886 4 400
t 887 0 664
t 887 4 664
t 888 0 868
t 888 2 174
t 888 3 362
t 888 4 539
t 888 5 727
t 889 2 335
t 890 0 96
t 890 1 831
t 890 2 96
t 890 3 607
t 890 4 96
t 890 5 482
t 891 0 200
t 891 1 964
t 891 2 827
t 891 3 846
t 891 4 957
t 891 5 335
t 892 0 956
t 892 1 775
t 892 4 649
t 893 2 243
t 894 0 497
t 894 2 497
t 894 3 497
t 894 4 497
t 895 0 313
t 896 0 96
t 896 1 386
t 896 2 96
t 896 3 795
t 896 4 96
t 896 5 34
t 897 0 236
t 897 4 764
t 898 1 34
t 898 2 416
t 898 3 243
t 899 0 894
t 899 2 894
t 899 3 664
t 899 4 894
t 900 0 546
t 900 1 468
t 900 2 323
t 900 3 450
t 900 4 553
t 900 5 624
t 901 2 39
t 901 4 957
t 901 5 318
t 902 0 65
t 902 1 443
t 902 2 669
t 902 3 144
t 902 4 973
t 902 5 554
t 903 0 491
t 903 1 503
t 903 2 491
t 903 4 96
t 903 5 243
t 904 2 720
t 904 3 180
t 904 4 412
t 905 0 591
t 905 1 463
t 905 2 151
t 905 4 130
t 906 0 458
t 906 1 965
t 906 2 853
t 906 4 648
t 907 0 210
t 907 1 823
t 907 2 820
t 907 3 562
t 907 4 891
t 907 5 889
t 908 1 784
t 908 2 486
t 908 4 389
t 909 0 978
t 909 1 61
t 909 2 352
t 909 3 916
t 909 4 973
t 909 5 507
t 910 2 779
t 910 4 554
t 911 1 563
t 911 4 96
t 911 5 588
t 912 0 537
t 912 1 739
t 912 2 537
t 912 3 264
t 913 0 167
t 913 2 360
t 913 3 585
t 913 4 2
t 914 0 86
t 914 1 115
t 914 2 967
t 914 3 469
t 914 4 13
t 915 0 393
t 915 4 83
t 916 0 173
t 916 1 672
t 916 2 976
t 916 4 60
t 916 5 102
t 917 0 706
t 917 1 601
t 917 2 682
t 917 3 224
t 917 4 221
t 917 5 535
t 918 0 880
t 918 1 511
t 918 2 336
t 918 3 499
t 918 4 380
t 918 5 100
t 919 0 147
t 919 2 362
t 919 4 884
t 919 5 844
t 920 0 96
t 920 1 831
t 920 2 96
t 920 3 498
t 920 4 96
t 920 5 264
t 921 2 730
t 921 3 326
t 921 4 385
t 921 5 261
t 922 2 344
t 922 4 194
t 923 2 263
t 923 4 697
t 923 5 540
t 924 2 470
t 924 4 697
t 924 5 540
t 925 0 59
t 925 2 962
t 925 4 513
t 925 5 887
t 926 2 627
t 926 3 882
t 926 4 627
t 927 0 8
t 927 1 361
t 927 2 575
t 927 4 575
t 928 0 895
t 928 1 308
t 929 1 563
t 929 4 96
t 930 0 739
t 930 2 739
t 931 0 537
t 931 1 34
t 931 2 537
t 932 0 96
t 932 1 386
t 932 2 96
t 932 3 795
t 932 4 96
t 932 5 243
t 933 0 944
t 933 2 930
t 933 3 335
t 934 2 486
t 934 4 389
t 935 0 831
t 935 2 96
t 935 3 657
t 935 4 96
t 936 0 491
t 936 1 503
t 936 2 491
t 936 4 96
t 936 5 160
t 937 0 675
t 937 1 98
t 937 2 401
t 937 3 211
t 938 2 795
t 938 4 96
t 938 5 869
t 939 0 96
t 939 1 386
t 939 2 96
t 939 3 803
t 939 4 96
t 939 5 46
t 940 0 18
t 940 1 429
t 940 2 878
t 940 3 832
t 940 4 383
t 941 0 521
t 941 2 521
t 941 4 194
t 942 0 96
t 942 1 831
t 942 2 96
t 942 3 491
t 942 4 96
t 942 5 739
t 943 0 233
t 943 2 140
t 943 3 651
t 943 4 244
t 943 5 406
t 944 0 739
t 944 2 739
t 944 3 670
t 945 0 176
t 945 2 970
t 945 3 879
t 945 4 642
t 945 5 4
t 946 0 515
t 946 3 308
t 947 0 218
t 947 2 252
t 947 4 907
t 947 5 146
t 948 0 826
t 948 2 6
t 948 4 6
t 949 0 491
t 949 1 657
t 949 2 491
t 949 4 96
t 950 0 463
t 950 2 628
t 950 4 968
t 950 5 517
t 951 0 333
t 951 1 950
t 951 2 425
t 951 4 632
t 951 5 7
t 952 1 497
t 952 2 497
t 952 3 497
t 952 4 497
t 953 0 117
t 953 1 433
t 953 2 756
t 953 3 758
t 953 4 306
t 953 5 615
t 954 1 594
t 954 2 419
t 954 3 681
t 954 4 554
t 955 0 831
t 955 2 96
t 955 3 657
t 955 4 96
t 955 5 627
t 956 0 714
t 956 1 882
t 956 4 482
t 957 0 96
t 957 1 831
t 957 2 96
t 957 3 491
t 957 4 96
t 957 5 670
t 958 0 948
t 958 2 214
t 958 4 214
t 959 0 738
t 959 1 583
t 959 2 62
t 959 4 130
t 959 5 834
t 960 0 167
t 960 2 755
t 960 3 536
t 960 4 2
t 961 2 657
t 961 4 96
t 961 5 882
t 962 0 503
t 962 2 503
t 962 4 96
t 962 5 664
t 963 0 258
t 963 2 387
t 963 3 56
t 963 4 648
t 964 0 831
t 964 2 96
t 964 3 503
t 964 4 96
t 964 5 670
t 965 0 822
t 965 2 226
t 965 4 734
t 966 0 812
t 966 2 296
t 966 3 197
t 966 4 734
t 967 0 939
t 967 1 271
t 967 2 807
t 967 3 265
t 967 4 611
t 967 5 516
t 968 0 229
t 968 1 405
t 968 2 225
t 968 3 811
t 968 4 513
t 968 5 308
t 969 0 164
t 969 1 565
t 969 2 305
t 969 3 852
t 969 4 648
t 970 0 833
t 970 1 327
t 970 2 839
t 970 3 434
t 970 4 412
t 970 5 547
t 971 0 634
t 971 2 788
t 971 3 590
t 971 4 244
t 971 5 351
t 972 0 557
t 972 1 368
t 972 4 968
t 972 5 517
t 973 0 356
t 973 1 609
t 973 2 259
t 973 3 903
t 973 4 228
t 973 5 898
t 974 1 350
t 974 3 859
t 974 4 75
t 975 1 476
t 975 2 346
t 975 4 383
t 975 5 365
t 976 0 491
t 976 1 503
t 976 2 491
t 976 4 96
t 976 5 474
t 977 0 426
t 977 1 181
t 977 2 628
t 977 4 968
t 977 5 517
t 978 0 356
t 978 1 381
t 978 2 807
t 978 3 388
t 978 4 228
t 978 5 898
t 979 5 1306
t 980 0 1090
t 980 1 1073
t 980 2 1152
t 980 3 1016
t 980 4 995
t 980 5 1064
t 981 0 1305
t 981 3 1051
t 981 5 1064
t 982 0 998
t 982 1 985
t 982 2 1152
t 982 3 1053
t 982 4 1026
t 982 5 1064
t 983 0 1316
t 983 1 1150
t 983 2 1195
t 983 3 1260
t 983 4 1035
t 983 5 1178
t 984 1 1112
t 984 3 1306
t 984 4 1015
t 984 5 1306
t 985 0 1223
t 985 1 1306
t 985 2 1261
t 985 3 1306
t 985 4 1070
t 985 5 1306
t 986 1 1044
t 986 2 1015
t 986 5 1306
t 987 3 1168
t 987 5 1306
t 988 0 1057
t 988 1 1319
t 988 3 1219
t 988 5 1262
t 989 2 979
t 989 5 1064
t 990 3 1047
t 990 5 1064
t 991 0 1324
t 991 1 1005
t 991 2 1277
t 991 3 1219
t 991 5 1262
t 992 0 1090
t 992 1 1081
t 992 2 1222
t 992 3 1225
t 992 4 1334
t 992 5 1064
t 993 0 1045
t 993 1 1274
t 993 3 1237
t 993 4 1134
t 993 5 1034
t 994 1 1069
t 994 3 1218
t 994 4 1281
t 994 5 1262
t 995 0 1107
t 995 2 1070
t 995 5 1306
t 996 1 1142
t 996 2 1095
t 996 3 1225
t 996 4 1217
t 996 5 1064
t 997 3 1140
t 997 4 1140
t 997 5 1140
t 998 1 1306
t 998 2 1112
t 998 3 1306
t 998 4 1015
t 998 5 1306
t 999 1 1284
t 999 3 1284
t 999 5 1064
t 1000 3 1281
t 1000 5 1262
t 1001 0 1049
t 1001 1 1296
t 1001 2 1079
t 1001 3 992
t 1001 4 989
t 1001 5 1262
t 1002 0 1112
t 1002 1 1176
t 1002 3 1306
t 1002 4 1007
t 1002 5 1306
t 1003 1 1169
t 1003 5 1306
t 1004 0 1190
t 1004 1 1110
t 1004 2 1028
t 1004 5 1262
t 1005 0 1159
t 1005 1 1209
t 1005 2 1131
t 1005 3 1047
t 1005 5 1064
t 1006 0 1211
t 1006 1 1142
t 1006 2 1095
t 1006 3 1225
t 1006 4 1217
t 1006 5 1064
t 1007 0 1140
t 1007 1 1140
t 1007 3 1140
t 1007 5 1140
t 1008 1 1113
t 1008 5 1306
t 1009 0 1095
t 1009 3 1053
t 1009 4 1062
t 1009 5 1064
t 1010 1 1222
t 1010 3 1188
t 1010 4 979
t 1010 5 1064
t 1011 1 1111
t 1011 2 1003
t 1011 5 1064
t 1012 0 1283
t 1012 1 1044
t 1012 2 1015
t 1012 5 1306
t 1013 0 1106
t 1013 1 1287
t 1013 3 1175
t 1013 4 1000
t 1013 5 1178
t 1014 0 1023
t 1014 1 1231
t 1014 2 1138
t 1014 3 980
t 1014 4 1025
t 1014 5 1262
t 1015 5 1140
t 1016 0 1223
t 1016 1 1306
t 1016 2 1176
t 1016 3 1306
t 1016 4 1280
t 1016 5 1306
t 1017 1 1013
t 1017 3 983
t 1017 4 1186
t 1017 5 1034
t 1018 0 1049
t 1018 1 1231
t 1018 2 1312
t 1018 3 980
t 1018 4 1025
t 1018 5 1262
t 1019 1 1208
t 1019 3 1188
t 1019 4 987
t 1019 5 1064
t 1020 1 1022
t 1020 2 1063
t 1020 3 1082
t 1020 4 1092
t 1020 5 1178
t 1021 0 997
t 1021 3 1306
t 1021 4 1070
t 1021 5 1306
t 1022 0 996
t 1022 1 1006
t 1022 2 1201
t 1022 3 992
t 1022 4 1244
t 1022 5 1262
t 1023 1 1122
t 1023 2 984
t 1023 3 1225
t 1023 4 1334
t 1023 5 1064
t 1024 1 1290
t 1024 2 1259
t 1024 5 1262
t 1025 0 1334
t 1025 2 1026
t 1025 5 1064
t 1026 0 1015
t 1026 5 1306
t 1027 0 1063
t 1027 3 1074
t 1027 4 1331
t 1027 5 1178
t 1028 5 1064
t 1029 0 1100
t 1029 1 1345
t 1029 2 1066
t 1029 3 1279
t 1029 4 1203
t 1029 5 1034
t 1030 0 1010
t 1030 1 1173
t 1030 3 1218
t 1030 4 1028
t 1030 5 1262
t 1031 0 1333
t 1031 1 991
t 1031 2 1125
t 1031 3 1133
t 1031 5 1178
t 1032 0 1190
t 1032 1 1256
t 1032 2 1341
t 1032 5 1262
t 1033 1 1265
t 1033 3 1154
t 1033 5 1306
t 1034 0 1116
t 1034 1 1184
t 1034 2 1330
t 1034 3 1048
t 1034 4 1133
t 1034 5 1178
t 1035 1 1259
t 1035 5 1262
t 1036 0 1065
t 1036 1 1295
t 1036 2 1059
t 1036 3 1204
t 1036 4 1003
t 1036 5 1064
t 1037 1 1176
t 1037 3 1306
t 1037 4 1015
t 1037 5 1306
t 1038 3 1219
t 1038 5 1262
t 1039 1 1109
t 1039 3 1219
t 1039 5 1262
t 1040 0 1144
t 1040 1 1078
t 1040 2 1314
t 1040 3 1299
t 1040 5 1276
t 1041 1 1153
t 1041 2 1121
t 1041 3 1318
t 1041 5 1178
t 1042 1 1124
t 1042 3 1124
t 1042 5 1178
t 1043 0 1112
t 1043 1 1176
t 1043 3 1306
t 1043 4 1113
t 1043 5 1306
t 1044 0 1140
t 1044 1 1140
t 1044 2 1140
t 1044 5 1140
t 1045 1 1287
t 1045 3 1175
t 1045 4 1000
t 1045 5 1178
t 1046 1 1012
t 1046 2 1003
t 1046 5 1064
t 1047 0 1154
t 1047 1 1137
t 1047 2 1007
t 1047 3 1137
t 1047 5 1306
t 1048 0 1054
t 1048 1 1231
t 1048 2 1271
t 1048 3 1251
t 1048 4 1301
t 1048 5 1262
t 1049 1 1122
t 1049 2 1264
t 1049 3 1225
t 1049 4 1334
t 1049 5 1064
t 1050 0 1126
t 1050 1 1022
t 1050 2 1063
t 1050 3 1082
t 1050 4 1092
t 1050 5 1178
t 1051 0 1097
t 1051 2 1250
t 1051 3 1155
t 1051 5 1306
t 1052 3 1217
t 1052 5 1064
t 1053 0 1223
t 1053 1 1306
t 1053 2 1176
t 1053 3 1306
t 1053 4 1070
t 1053 5 1306
t 1054 1 1122
t 1054 2 1166
t 1054 3 1315
t 1054 4 1210
t 1054 5 1064
t 1055 0 1282
t 1055 1 1320
t 1055 3 1320
t 1055 5 1064
t 1056 0 1065
t 1056 1 985
t 1056 2 1043
t 1056 3 1094
t 1056 4 1270
t 1056 5 1064
t 1057 1 1072
t 1057 3 1047
t 1057 5 1064
t 1058 0 1264
t 1058 3 1188
t 1058 4 979
t 1058 5 1064
t 1059 0 1112
t 1059 1 1176
t 1059 3 1306
t 1059 4 1169
t 1059 5 1306
t 1060 1 1290
t 1060 2 1028
t 1060 5 1262
t 1061 0 1008
t 1061 1 1270
t 1061 5 1064
t 1062 0 1168
t 1062 3 1250
t 1062 5 1306
t 1063 3 1218
t 1063 4 1281
t 1063 5 1262
t 1064 0 1223
t 1064 1 1306
t 1064 2 1176
t 1064 3 1306
t 1064 4 1137
t 1064 5 1306
t 1065 1 1306
t 1065 2 1112
t 1065 3 1306
t 1065 4 1169
t 1065 5 1306
t 1066 0 1103
t 1066 1 1164
t 1066 3 1074
t 1066 4 1215
t 1066 5 1178
t 1067 0 1285
t 1067 1 1138
t 1067 3 1056
t 1067 4 1061
t 1067 5 1262
t 1068 1 1213
t 1068 2 1166
t 1068 3 1204
t 1068 4 1003
t 1068 5 1064
t 1069 1 1077
t 1069 3 1188
t 1069 4 987
t 1069 5 1064
t 1070 0 1140
t 1070 5 1140
t 1071 1 1154
t 1071 2 1265
t 1071 3 1154
t 1071 5 1306
t 1072 0 1265
t 1072 1 1007
t 1072 3 1137
t 1072 5 1306
t 1073 0 1223
t 1073 1 1306
t 1073 2 1261
t 1073 3 1306
t 1073 4 1280
t 1073 5 1306
t 1074 0 1207
t 1074 1 1172
t 1074 2 1138
t 1074 3 982
t 1074 4 1341
t 1074 5 1262
t 1075 1 984
t 1075 3 1188
t 1075 4 979
t 1075 5 1064
t 1076 0 1283
t 1076 1 1044
t 1076 2 1070
t 1076 5 1306
t 1077 1 1112
t 1077 3 1306
t 1077 4 1168
t 1077 5 1306
t 1078 0 1323
t 1078 1 1031
t 1078 2 1098
t 1078 3 1243
t 1078 5 1034
t 1079 3 1188
t 1079 4 979
t 1079 5 1064
t 1080 0 1220
t 1080 3 1102
t 1080 5 1178
t 1081 0 1223
t 1081 1 1306
t 1081 2 1261
t 1081 3 1306
t 1081 4 1107
t 1081 5 1306
t 1082 0 1023
t 1082 1 1232
t 1082 2 1173
t 1082 3 992
t 1082 4 989
t 1082 5 1262
t 1083 3 1097
t 1083 5 1306
t 1084 2 1220
t 1084 3 1102
t 1084 5 1178
t 1085 1 1296
t 1085 2 1079
t 1085 3 992
t 1085 4 989
t 1085 5 1262
t 1086 0 1054
t 1086 1 1232
t 1086 2 1198
t 1086 3 1165
t 1086 4 1011
t 1086 5 1262
t 1087 1 1206
t 1087 2 1033
t 1087 3 1071
t 1087 5 1064
t 1088 2 1313
t 1088 3 1304
t 1088 5 1262
t 1089 1 1022
t 1089 2 1248
t 1089 3 1086
t 1089 4 1318
t 1089 5 1178
t 1090 1 1306
t 1090 2 1112
t 1090 3 1306
t 1090 4 1107
t 1090 5 1306
t 1091 3 1071
t 1091 5 1064
t 1092 2 1052
t 1092 3 1244
t 1092 5 1262
t 1093 1 999
t 1093 3 999
t 1093 5 1262
t 1094 0 1223
t 1094 1 1306
t 1094 2 1176
t 1094 3 1306
t 1094 4 1113
t 1094 5 1306
t 1095 3 1306
t 1095 4 1168
t 1095 5 1306
t 1096 1 1077
t 1096 3 1204
t 1096 4 1284
t 1096 5 1064
t 1097 2 1140
t 1097 3 1140
t 1097 5 1140
t 1098 0 1038
t 1098 3 1133
t 1098 5 1178
t 1099 2 1168
t 1099 3 1155
t 1099 5 1306
t 1100 1 1001
t 1100 2 1242
t 1100 3 1082
t 1100 4 1329
t 1100 5 1178
t 1101 1 1242
t 1101 3 1260
t 1101 4 1035
t 1101 5 1178
t 1102 0 1196
t 1102 2 981
t 1102 3 1304
t 1102 5 1262
t 1103 1 1173
t 1103 3 1218
t 1103 4 1028
t 1103 5 1262
t 1104 0 1346
t 1104 1 1345
t 1104 2 1181
t 1104 3 1279
t 1104 4 1203
t 1104 5 1034
t 1105 1 1039
t 1105 3 1133
t 1105 5 1178
t 1106 1 1129
t 1106 3 1218
t 1106 4 1281
t 1106 5 1262
t 1107 2 1140
t 1107 5 1140
t 1108 0 1249
t 1108 1 1187
t 1108 3 1094
t 1108 4 1320
t 1108 5 1064
t 1109 1 1278
t 1109 3 1047
t 1109 5 1064
t 1110 0 986
t 1110 1 1012
t 1110 2 979
t 1110 5 1064
t 1111 1 1283
t 1111 2 1015
t 1111 5 1306
t 1112 1 1140
t 1112 3 1140
t 1112 4 1140
t 1112 5 1140
t 1113 0 1140
t 1113 1 1140
t 1113 5 1140
t 1114 0 1042
t 1114 1 1177
t 1114 3 1177
t 1114 5 1034
t 1115 3 1175
t 1115 4 1000
t 1115 5 1178
t 1116 1 1006
t 1116 2 1096
t 1116 3 1165
t 1116 4 1087
t 1116 5 1262
t 1117 0 1019
t 1117 1 1311
t 1117 3 982
t 1117 4 1253
t 1117 5 1262
t 1118 3 1250
t 1118 5 1306
t 1119 0 1267
t 1119 1 1018
t 1119 2 1067
t 1119 3 1048
t 1119 4 1141
t 1119 5 1178
t 1120 0 1239
t 1120 1 1146
t 1120 2 1268
t 1120 3 1292
t 1120 4 1299
t 1120 5 1276
t 1121 1 1335
t 1121 3 1087
t 1121 5 1262
t 1122 0 1223
t 1122 1 1306
t 1122 2 997
t 1122 3 1306
t 1122 4 1107
t 1122 5 1306
t 1123 0 1342
t 1123 1 1238
t 1123 2 1291
t 1123 3 1247
t 1123 4 1040
t 1123 5 1120
t 1124 0 1174
t 1124 1 1055
t 1124 3 1055
t 1124 5 1262
t 1125 0 990
t 1125 3 1219
t 1125 5 1262
t 1126 1 1006
t 1126 2 1201
t 1126 3 992
t 1126 4 1244
t 1126 5 1262
t 1127 0 997
t 1127 3 1306
t 1127 4 1015
t 1127 5 1306
t 1128 1 1153
t 1128 2 1338
t 1128 3 1318
t 1128 5 1178
t 1129 0 1241
t 1129 1 1208
t 1129 3 1188
t 1129 4 987
t 1129 5 1064
t 1130 1 1306
t 1130 2 1112
t 1130 3 1306
t 1130 4 1283
t 1130 5 1306
t 1131 0 1168
t 1131 3 1137
t 1131 5 1306
t 1132 1 1306
t 1132 2 997
t 1132 3 1306
t 1132 4 1107
t 1132 5 1306
t 1133 0 1326
t 1133 1 1005
t 1133 2 1319
t 1133 3 1219
t 1133 5 1262
t 1134 0 1197
t 1134 3 1331
t 1134 5 1178
t 1135 0 1297
t 1135 1 1172
t 1135 2 1312
t 1135 3 982
t 1135 4 1341
t 1135 5 1262
t 1136 0 1200
t 1136 1 1213
t 1136 2 1264
t 1136 3 1188
t 1136 4 979
t 1136 5 1064
t 1137 0 1140
t 1137 1 1140
t 1137 2 1140
t 1137 3 1140
t 1137 5 1140
t 1138 0 1037
t 1138 1 1152
t 1138 3 1053
t 1138 4 1026
t 1138 5 1064
t 1139 1 1136
t 1139 2 1079
t 1139 3 1218
t 1139 4 1028
t 1139 5 1262
t 1141 0 1046
t 1141 1 1256
t 1141 2 1061
t 1141 5 1262
t 1142 0 1223
t 1142 1 1306
t 1142 2 997
t 1142 3 1306
t 1142 4 1097
t 1142 5 1306
t 1143 3 1244
t 1143 5 1262
t 1144 1 1310
t 1144 2 1105
t 1144 3 1243
t 1144 5 1034
t 1145 0 1216
t 1145 1 1117
t 1145 3 1347
t 1145 4 1124
t 1145 5 1178
t 1146 0 1020
t 1146 1 1194
t 1146 2 1027
t 1146 3 1279
t 1146 4 1235
t 1146 5 1034
t 1147 0 1240
t 1147 1 1032
t 1147 2 1337
t 1147 5 1178
t 1148 0 1200
t 1148 1 1295
t 1148 2 1127
t 1148 3 1188
t 1148 4 979
t 1148 5 1064
t 1149 1 994
t 1149 3 1260
t 1149 4 1093
t 1149 5 1178
t 1150 0 1297
t 1150 1 1148
t 1150 2 1058
t 1150 3 1218
t 1150 4 1028
t 1150 5 1262
t 1151 0 1154
t 1151 1 1137
t 1151 2 1168
t 1151 3 1137
t 1151 5 1306
t 1152 0 1112
t 1152 1 1176
t 1152 3 1306
t 1152 4 1070
t 1152 5 1306
t 1153 1 1298
t 1153 2 1091
t 1153 3 1087
t 1153 5 1262
t 1154 1 1140
t 1154 2 1140
t 1154 3 1140
t 1154 5 1140
t 1155 0 1140
t 1155 2 1140
t 1155 3 1140
t 1155 5 1140
t 1156 0 1267
t 1156 1 1246
t 1156 2 1195
t 1156 3 1086
t 1156 4 1024
t 1156 5 1178
t 1157 1 1136
t 1157 2 1075
t 1157 3 1218
t 1157 4 1028
t 1157 5 1262
t 1158 3 1218
t 1158 4 1028
t 1158 5 1262
t 1159 1 1137
t 1159 2 1168
t 1159 3 1137
t 1159 5 1306
t 1160 0 1221
t 1160 1 1337
t 1160 5 1178
t 1161 1 1208
t 1161 3 1204
t 1161 4 1284
t 1161 5 1064
t 1162 1 1044
t 1162 2 1169
t 1162 5 1306
t 1163 0 1084
t 1163 2 1080
t 1163 3 1235
t 1163 5 1034
t 1164 0 1010
t 1164 1 1138
t 1164 3 982
t 1164 4 1341
t 1164 5 1262
t 1165 0 1130
t 1165 1 1081
t 1165 2 1059
t 1165 3 1315
t 1165 4 1210
t 1165 5 1064
t 1166 1 1112
t 1166 3 1306
t 1166 4 1169
t 1166 5 1306
t 1167 1 1121
t 1167 3 1318
t 1167 5 1178
t 1168 3 1140
t 1168 5 1140
t 1169 1 1140
t 1169 5 1140
t 1170 0 1079
t 1170 3 982
t 1170 4 1341
t 1170 5 1262
t 1171 0 1211
t 1171 1 1202
t 1171 2 1286
t 1171 3 1016
t 1171 4 1051
t 1171 5 1064
t 1172 0 1200
t 1172 1 985
t 1172 2 1021
t 1172 3 1053
t 1172 4 1026
t 1172 5 1064
t 1173 0 1037
t 1173 1 1222
t 1173 3 1188
t 1173 4 979
t 1173 5 1064
t 1174 1 1320
t 1174 3 1320
t 1174 5 1064
t 1175 0 1207
t 1175 1 1148
t 1175 2 1173
t 1175 3 1218
t 1175 4 1028
t 1175 5 1262
t 1176 0 1140
t 1176 1 1140
t 1176 3 1140
t 1176 4 1140
t 1176 5 1140
t 1177 0 1229
t 1177 1 1124
t 1177 3 1124
t 1177 5 1178
t 1178 0 1192
t 1178 1 1171
t 1178 2 1108
t 1178 3 1251
t 1178 4 1219
t 1178 5 1262
t 1179 1 1075
t 1179 3 1036
t 1179 4 1259
t 1179 5 1262
t 1180 0 1324
t 1180 1 1255
t 1180 2 990
t 1180 3 1219
t 1180 5 1262
t 1181 0 1158
t 1181 3 1074
t 1181 4 1215
t 1181 5 1178
t 1182 0 1300
t 1182 1 988
t 1182 3 1133
t 1182 5 1178
t 1183 1 1137
t 1183 2 1265
t 1183 3 1137
t 1183 5 1306
t 1184 0 996
t 1184 1 1171
t 1184 2 1009
t 1184 3 980
t 1184 4 1304
t 1184 5 1262
t 1185 0 1313
t 1185 3 1304
t 1185 5 1262
t 1186 1 1093
t 1186 3 1093
t 1186 5 1178
t 1187 0 1112
t 1187 1 1176
t 1187 3 1306
t 1187 4 1250
t 1187 5 1306
t 1188 0 1223
t 1188 1 1306
t 1188 2 1176
t 1188 3 1306
t 1188 4 1015
t 1188 5 1306
t 1189 0 1297
t 1189 1 1136
t 1189 2 1079
t 1189 3 1218
t 1189 4 1028
t 1189 5 1262
t 1190 1 1012
t 1190 2 979
t 1190 5 1064
t 1191 0 1263
t 1191 1 1164
t 1191 3 1347
t 1191 4 1337
t 1191 5 1178
t 1192 1 1142
t 1192 2 1269
t 1192 3 1315
t 1192 4 1071
t 1192 5 1064
t 1193 0 1317
t 1193 1 1066
t 1193 3 1308
t 1193 4 1160
t 1193 5 1034
t 1194 0 1126
t 1194 1 1184
t 1194 2 1224
t 1194 3 1014
t 1194 4 1102
t 1194 5 1178
t 1195 0 1285
t 1195 1 1173
t 1195 3 1036
t 1195 4 1259
t 1195 5 1262
t 1196 2 1305
t 1196 3 1051
t 1196 5 1064
t 1197 3 1253
t 1197 5 1262
t 1198 0 1275
t 1198 1 1222
t 1198 3 1204
t 1198 4 1003
t 1198 5 1064
t 1199 1 1060
t 1199 2 1035
t 1199 5 1178
t 1200 1 1306
t 1200 2 997
t 1200 3 1306
t 1200 4 1015
t 1200 5 1306
t 1201 3 1188
t 1201 4 987
t 1201 5 1064
t 1202 0 1223
t 1202 1 1306
t 1202 2 1261
t 1202 3 1306
t 1202 4 1155
t 1202 5 1306
t 1203 0 1329
t 1203 2 1215
t 1203 5 1178
t 1204 0 1223
t 1204 1 1306
t 1204 2 1176
t 1204 3 1306
t 1204 4 1169
t 1204 5 1306
t 1205 1 1255
t 1205 2 1109
t 1205 3 1219
t 1205 5 1262
t 1206 1 1154
t 1206 2 1168
t 1206 3 1154
t 1206 5 1306
t 1207 1 1213
t 1207 2 984
t 1207 3 1188
t 1207 4 979
t 1207 5 1064
t 1208 0 1112
t 1208 1 1176
t 1208 3 1306
t 1208 4 1168
t 1208 5 1306
t 1209 0 1154
t 1209 1 1137
t 1209 2 1250
t 1209 3 1137
t 1209 5 1306
t 1210 1 1283
t 1210 2 1169
t 1210 5 1306
t 1211 1 1306
t 1211 2 997
t 1211 3 1306
t 1211 4 1097
t 1211 5 1306
t 1212 0 1263
t 1212 1 1030
t 1212 3 1260
t 1212 4 1035
t 1212 5 1178
t 1213 0 1223
t 1213 1 1306
t 1213 2 997
t 1213 3 1306
t 1213 4 1015
t 1213 5 1306
t 1214 1 1289
t 1214 2 1101
t 1214 3 1156
t 1214 4 1199
t 1214 5 1034
t 1215 0 1028
t 1215 5 1262
t 1216 1 1129
t 1216 3 1036
t 1216 4 999
t 1216 5 1262
t 1217 2 1168
t 1217 3 1097
t 1217 5 1306
t 1218 0 998
t 1218 1 1295
t 1218 2 1222
t 1218 3 1188
t 1218 4 979
t 1218 5 1064
t 1219 0 1183
t 1219 1 1209
t 1219 2 1072
t 1219 3 1047
t 1219 5 1064
t 1220 3 1304
t 1220 5 1262
t 1221 1 1061
t 1221 5 1262
t 1222 0 1112
t 1222 1 1176
t 1222 3 1306
t 1222 4 1015
t 1222 5 1306
t 1223 1 1140
t 1223 2 1140
t 1223 3 1140
t 1223 4 1140
t 1223 5 1140
t 1224 0 1201
t 1224 3 982
t 1224 4 1253
t 1224 5 1262
t 1225 0 1223
t 1225 1 1306
t 1225 2 1176
t 1225 3 1306
t 1225 4 1107
t 1225 5 1306
t 1226 0 1115
t 1226 3 1237
t 1226 4 1134
t 1226 5 1034
t 1227 1 1296
t 1227 2 1075
t 1227 3 992
t 1227 4 989
t 1227 5 1262
t 1228 0 1085
t 1228 1 1246
t 1228 2 1348
t 1228 3 1082
t 1228 4 1329
t 1228 5 1178
t 1229 1 1055
t 1229 3 1055
t 1229 5 1262
t 1230 1 988
t 1230 3 1133
t 1230 5 1178
t 1231 0 1132
t 1231 1 1073
t 1231 2 1021
t 1231 3 1016
t 1231 4 995
t 1231 5 1064
t 1232 0 1132
t 1232 1 1081
t 1232 2 1127
t 1232 3 1225
t 1232 4 1334
t 1232 5 1064
t 1233 0 1227
t 1233 1 1246
t 1233 2 1030
t 1233 3 1082
t 1233 4 1329
t 1233 5 1178
t 1234 0 1340
t 1234 1 1032
t 1234 2 1215
t 1234 5 1178
t 1235 0 1088
t 1235 2 1185
t 1235 3 1102
t 1235 5 1178
t 1236 1 1128
t 1236 2 1167
t 1236 3 1041
t 1236 5 1034
t 1237 0 1157
t 1237 1 1135
t 1237 2 1164
t 1237 3 1074
t 1237 4 1215
t 1237 5 1178
t 1238 0 1254
t 1238 1 1146
t 1238 2 1226
t 1238 3 1029
t 1238 4 1163
t 1238 5 1276
t 1239 1 1050
t 1239 2 1149
t 1239 3 1156
t 1239 4 1041
t 1239 5 1034
t 1240 1 1110
t 1240 2 1259
t 1240 5 1262
t 1241 1 1176
t 1241 3 1306
t 1241 4 1168
t 1241 5 1306
t 1242 1 1075
t 1242 3 1218
t 1242 4 1028
t 1242 5 1262
t 1243 0 1205
t 1243 1 991
t 1243 2 988
t 1243 3 1133
t 1243 5 1178
t 1244 2 1083
t 1244 3 1217
t 1244 5 1064
t 1245 0 1283
t 1245 1 1044
t 1245 2 1113
t 1245 5 1306
t 1246 0 1049
t 1246 1 1232
t 1246 2 1058
t 1246 3 992
t 1246 4 989
t 1246 5 1262
t 1247 0 1214
t 1247 1 1104
t 1247 2 1193
t 1247 3 1292
t 1247 4 1266
t 1247 5 1276
t 1248 1 1069
t 1248 3 1036
t 1248 4 999
t 1248 5 1262
t 1249 1 1176
t 1249 3 1306
t 1249 4 1265
t 1249 5 1306
t 1250 0 1140
t 1250 3 1140
t 1250 5 1140
t 1251 0 1130
t 1251 1 1073
t 1251 2 1043
t 1251 3 1302
t 1251 4 1245
t 1251 5 1064
t 1252 1 1339
t 1252 3 983
t 1252 4 1186
t 1252 5 1034
t 1253 0 1118
t 1253 3 1062
t 1253 5 1064
t 1254 1 1050
t 1254 2 1115
t 1254 3 1233
t 1254 4 1328
t 1254 5 1034
t 1255 0 1159
t 1255 1 1151
t 1255 2 1332
t 1255 3 1047
t 1255 5 1064
t 1256 0 986
t 1256 1 1076
t 1256 2 1026
t 1256 5 1064
t 1257 1 1189
t 1257 2 1179
t 1257 3 1260
t 1257 4 1035
t 1257 5 1178
t 1258 0 1139
t 1258 1 1135
t 1258 2 1170
t 1258 3 1074
t 1258 4 1215
t 1258 5 1178
t 1259 1 1003
t 1259 5 1064
t 1260 0 1068
t 1260 1 1148
t 1260 2 1198
t 1260 3 1036
t 1260 4 1259
t 1260 5 1262
t 1261 0 1140
t 1261 3 1140
t 1261 4 1140
t 1261 5 1140
t 1262 0 1272
t 1262 1 1202
t 1262 2 1002
t 1262 3 1302
t 1262 4 1047
t 1262 5 1064
t 1263 1 1173
t 1263 3 1036
t 1263 4 1259
t 1263 5 1262
t 1264 3 1306
t 1264 4 1015
t 1264 5 1306
t 1265 1 1140
t 1265 3 1140
t 1265 5 1140
t 1266 0 1322
t 1266 1 1234
t 1266 2 1160
t 1266 5 1034
t 1267 1 1296
t 1267 2 1321
t 1267 3 1165
t 1267 4 1011
t 1267 5 1262
t 1268 0 1336
t 1268 1 1274
t 1268 3 1308
t 1268 4 1177
t 1268 5 1034
t 1269 1 1112
t 1269 3 1306
t 1269 4 1265
t 1269 5 1306
t 1270 0 1169
t 1270 1 1113
t 1270 5 1306
t 1271 0 1275
t 1271 1 1152
t 1271 3 1094
t 1271 4 1270
t 1271 5 1064
t 1272 1 1306
t 1272 2 1112
t 1272 3 1306
t 1272 4 1154
t 1272 5 1306
t 1273 1 1007
t 1273 3 1137
t 1273 5 1306
t 1274 0 1106
t 1274 1 1117
t 1274 3 1074
t 1274 4 1331
t 1274 5 1178
t 1275 1 1176
t 1275 3 1306
t 1275 4 1169
t 1275 5 1306
t 1276 0 1089
t 1276 1 1194
t 1276 2 1145
t 1276 3 1119
t 1276 4 1243
t 1276 5 1034
t 1277 0 1332
t 1277 3 1047
t 1277 5 1064
t 1278 1 1265
t 1278 3 1137
t 1278 5 1306
t 1279 0 1227
t 1279 1 1018
t 1279 2 1164
t 1279 3 1014
t 1279 4 1344
t 1279 5 1178
t 1280 0 1140
t 1280 2 1140
t 1280 5 1140
t 1281 3 987
t 1281 5 1064
t 1282 1 1007
t 1282 3 1007
t 1282 5 1306
t 1283 1 1140
t 1283 2 1140
t 1283 5 1140
t 1284 1 1265
t 1284 3 1265
t 1284 5 1306
t 1285 1 1222
t 1285 3 1204
t 1285 4 1003
t 1285 5 1064
t 1286 0 997
t 1286 3 1306
t 1286 4 1250
t 1286 5 1306
t 1287 0 1019
t 1287 1 1129
t 1287 3 1218
t 1287 4 1281
t 1287 5 1262
t 1288 3 1062
t 1288 5 1064
t 1289 0 1085
t 1289 1 1001
t 1289 2 1158
t 1289 3 1082
t 1289 4 1329
t 1289 5 1178
t 1290 1 1111
t 1290 2 979
t 1290 5 1064
t 1291 0 1017
t 1291 1 993
t 1291 3 1293
t 1291 4 1114
t 1291 5 1276
t 1292 0 1327
t 1292 1 1345
t 1292 2 1191
t 1292 3 1119
t 1292 4 1147
t 1292 5 1034
t 1293 0 1257
t 1293 1 1258
t 1293 2 1191
t 1293 3 1308
t 1293 4 1160
t 1293 5 1034
t 1294 1 1180
t 1294 2 1039
t 1294 3 1133
t 1294 5 1178
t 1295 0 1223
t 1295 1 1306
t 1295 2 1261
t 1295 3 1306
t 1295 4 1015
t 1295 5 1306
t 1296 0 1132
t 1296 1 1122
t 1296 2 1264
t 1296 3 1225
t 1296 4 1334
t 1296 5 1064
t 1297 1 1213
t 1297 2 1264
t 1297 3 1188
t 1297 4 979
t 1297 5 1064
t 1298 1 1206
t 1298 2 1309
t 1298 3 1071
t 1298 5 1064
t 1299 0 1294
t 1299 1 1031
t 1299 2 1182
t 1299 3 1243
t 1299 5 1034
t 1300 1 1319
t 1300 3 1219
t 1300 5 1262
t 1301 0 1162
t 1301 1 1076
t 1301 2 1270
t 1301 5 1064
t 1302 0 1223
t 1302 1 1306
t 1302 2 1176
t 1302 3 1306
t 1302 4 1044
t 1302 5 1306
t 1303 0 1020
t 1303 1 1050
t 1303 2 1115
t 1303 3 1233
t 1303 4 1328
t 1303 5 1034
t 1304 0 1099
t 1304 2 1325
t 1304 3 1051
t 1304 5 1064
t 1305 3 1155
t 1305 5 1306
t 1306 0 1140
t 1306 1 1140
t 1306 2 1140
t 1306 3 1140
t 1306 4 1140
t 1306 5 1140
t 1307 1 1270
t 1307 5 1064
t 1308 0 1316
t 1308 1 1135
t 1308 2 1067
t 1308 3 1347
t 1308 4 1337
t 1308 5 1178
t 1309 3 1154
t 1309 5 1306
t 1310 0 1333
t 1310 1 1180
t 1310 2 1038
t 1310 3 1133
t 1310 5 1178
t 1311 0 1241
t 1311 1 1187
t 1311 3 1053
t 1311 4 1062
t 1311 5 1064
t 1312 0 1264
t 1312 3 1053
t 1312 4 1026
t 1312 5 1064
t 1313 3 1051
t 1313 5 1064
t 1314 0 1230
t 1314 1 1182
t 1314 3 1243
t 1314 5 1034
t 1315 0 1223
t 1315 1 1306
t 1315 2 1176
t 1315 3 1306
t 1315 4 1283
t 1315 5 1306
t 1316 1 1136
t 1316 2 1321
t 1316 3 1036
t 1316 4 1259
t 1316 5 1262
t 1317 1 1030
t 1317 3 1260
t 1317 4 1035
t 1317 5 1178
t 1318 1 1298
t 1318 2 1335
t 1318 3 1087
t 1318 5 1262
t 1319 0 1273
t 1319 1 1072
t 1319 3 1047
t 1319 5 1064
t 1320 0 1265
t 1320 1 1007
t 1320 3 1007
t 1320 5 1306
t 1321 1 984
t 1321 3 1204
t 1321 4 1003
t 1321 5 1064
t 1322 1 1004
t 1322 2 1035
t 1322 5 1178
t 1323 1 1180
t 1323 2 1038
t 1323 3 1133
t 1323 5 1178
t 1324 1 1151
t 1324 2 1332
t 1324 3 1047
t 1324 5 1064
t 1325 0 1168
t 1325 3 1155
t 1325 5 1306
t 1326 1 1151
t 1326 2 1278
t 1326 3 1047
t 1326 5 1064
t 1327 1 1001
t 1327 2 1179
t 1327 3 1086
t 1327 4 1024
t 1327 5 1178
t 1328 2 1143
t 1328 3 1092
t 1328 5 1178
t 1329 2 1028
t 1329 5 1262
t 1330 0 1161
t 1330 1 1311
t 1330 3 1056
t 1330 4 1055
t 1330 5 1262
t 1331 0 1288
t 1331 3 1253
t 1331 5 1262
t 1332 3 1137
t 1332 5 1306
t 1333 1 1255
t 1333 2 990
t 1333 3 1219
t 1333 5 1262
t 1334 2 1015
t 1334 5 1306
t 1335 1 1033
t 1335 3 1071
t 1335 5 1064
t 1336 1 1287
t 1336 3 1260
t 1336 4 1093
t 1336 5 1178
t 1337 0 1307
t 1337 1 1061
t 1337 5 1262
t 1338 3 1087
t 1338 5 1262
t 1339 1 994
t 1339 3 1175
t 1339 4 1000
t 1339 5 1178
t 1340 1 1110
t 1340 2 1028
t 1340 5 1262
t 1341 0 979
t 1341 5 1064
t 1342 1 1303
t 1342 2 1252
t 1342 3 1343
t 1342 4 1236
t 1342 5 1276
t 1343 0 1327
t 1343 1 1228
t 1343 2 1212
t 1343 3 1156
t 1343 4 1199
t 1343 5 1034
t 1344 0 989
t 1344 2 1341
t 1344 5 1262
t 1345 0 1085
t 1345 1 1018
t 1345 2 1170
t 1345 3 1014
t 1345 4 1344
t 1345 5 1178
t 1346 1 1001
t 1346 2 1158
t 1346 3 1082
t 1346 4 1329
t 1346 5 1178
t 1347 0 1068
t 1347 1 1172
t 1347 2 1271
t 1347 3 1056
t 1347 4 1061
t 1347 5 1262
t 1348 0 1079
t 1348 3 1218
t 1348 4 1028
t 1348 5 1262
a 497
r 1140
