1279 6
0
t 0 0 1
t 0 1 452
t 0 2 689
t 0 3 841
t 0 4 968
t 0 5 1082
t 1 0 2
t 1 1 137
t 1 2 255
t 1 3 310
t 1 4 354
t 1 5 400
t 2 0 3
t 2 1 59
t 2 2 80
t 2 3 96
t 2 4 108
t 2 5 128
t 3 0 4
t 3 1 24
t 3 2 33
t 3 3 41
t 3 4 47
t 3 5 55
t 4 0 5
t 4 1 11
t 4 2 14
t 4 3 18
t 4 4 20
t 4 5 23
t 5 0 6
t 5 1 8
t 5 2 6
t 5 3 9
t 5 4 6
t 5 5 10
t 6 0 7
t 6 1 7
t 6 2 7
t 6 3 7
t 6 4 7
t 6 5 7
t 8 2 7
t 8 3 7
t 8 4 7
t 8 5 7
t 9 1 7
t 9 2 7
t 9 4 7
t 9 5 7
t 10 1 7
t 10 2 7
t 10 3 7
t 10 4 7
t 11 2 6
t 11 3 12
t 11 4 6
t 11 5 13
t 12 2 7
t 12 4 7
t 12 5 7
t 13 2 7
t 13 3 7
t 13 4 7
t 14 0 6
t 14 1 15
t 14 2 6
t 14 3 16
t 14 4 6
t 14 5 17
t 15 0 7
t 15 2 7
t 15 3 7
t 15 4 7
t 15 5 7
t 16 1 7
t 16 4 7
t 16 5 7
t 17 1 7
t 17 3 7
t 17 4 7
t 18 1 12
t 18 2 9
t 18 4 6
t 18 5 19
t 19 1 7
t 19 2 7
t 19 4 7
t 20 0 6
t 20 1 15
t 20 2 6
t 20 3 21
t 20 4 6
t 20 5 22
t 21 0 7
t 21 1 7
t 21 2 7
t 21 4 7
t 21 5 7
t 22 1 7
t 22 2 7
t 22 3 7
t 23 1 13
t 23 2 10
t 23 3 19
t 23 4 10
t 24 2 25
t 24 3 28
t 24 4 30
t 24 5 32
t 25 0 6
t 25 1 15
t 25 2 6
t 25 3 26
t 25 4 6
t 25 5 27
t 26 4 7
t 26 5 7
t 27 3 7
t 27 4 7
t 28 2 12
t 28 4 6
t 28 5 29
t 29 2 7
t 29 4 7
t 30 0 6
t 30 1 15
t 30 2 6
t 30 3 21
t 30 4 6
t 30 5 31
t 31 2 7
t 31 3 7
t 32 2 13
t 32 3 29
t 32 4 13
t 33 0 34
t 33 1 35
t 33 2 14
t 33 3 36
t 33 4 38
t 33 5 40
t 34 0 6
t 34 1 8
t 34 2 6
t 34 3 16
t 34 4 6
t 34 5 17
t 35 0 15
t 35 2 6
t 35 3 26
t 35 4 6
t 35 5 27
t 36 1 26
t 36 4 6
t 36 5 37
t 37 1 7
t 37 4 7
t 38 0 6
t 38 1 15
t 38 2 6
t 38 3 21
t 38 4 6
t 38 5 39
t 39 1 7
t 39 3 7
t 40 1 27
t 40 3 37
t 40 4 17
t 41 1 42
t 41 2 43
t 41 4 44
t 41 5 46
t 42 2 9
t 42 4 6
t 42 5 29
t 43 1 12
t 43 2 9
t 43 4 6
t 43 5 37
t 44 0 6
t 44 1 15
t 44 2 6
t 44 3 21
t 44 4 6
t 44 5 45
t 45 1 7
t 45 2 7
t 46 1 29
t 46 2 19
t 46 4 19
t 47 0 48
t 47 1 49
t 47 2 51
t 47 3 53
t 47 4 20
t 47 5 54
t 48 0 6
t 48 1 8
t 48 2 6
t 48 3 9
t 48 4 6
t 48 5 22
t 49 0 15
t 49 2 6
t 49 3 50
t 49 4 6
t 49 5 31
t 50 0 7
t 50 2 7
t 50 4 7
t 50 5 7
t 51 0 6
t 51 1 15
t 51 2 6
t 51 3 52
t 51 4 6
t 51 5 39
t 52 0 7
t 52 1 7
t 52 4 7
t 52 5 7
t 53 0 21
t 53 1 50
t 53 2 21
t 53 4 6
t 53 5 45
t 54 1 31
t 54 2 22
t 54 3 45
t 55 1 56
t 55 2 57
t 55 3 58
t 55 4 23
t 56 2 10
t 56 3 29
t 56 4 10
t 57 1 13
t 57 2 10
t 57 3 37
t 57 4 10
t 58 1 29
t 58 2 19
t 58 4 10
t 59 2 60
t 59 3 67
t 59 4 72
t 59 5 77
t 60 0 61
t 60 1 35
t 60 2 25
t 60 3 62
t 60 4 64
t 60 5 66
t 61 0 6
t 61 1 8
t 61 2 6
t 61 3 26
t 61 4 6
t 61 5 27
t 62 4 6
t 62 5 63
t 63 4 7
t 64 0 6
t 64 1 15
t 64 2 6
t 64 3 21
t 64 4 6
t 64 5 65
t 65 3 7
t 66 3 63
t 66 4 27
t 67 2 68
t 67 4 69
t 67 5 71
t 68 2 12
t 68 4 6
t 68 5 63
t 69 0 6
t 69 1 15
t 69 2 6
t 69 3 21
t 69 4 6
t 69 5 70
t 70 2 7
t 71 2 29
t 71 4 29
t 72 0 73
t 72 1 49
t 72 2 74
t 72 3 75
t 72 4 30
t 72 5 76
t 73 0 6
t 73 1 8
t 73 2 6
t 73 3 9
t 73 4 6
t 73 5 31
t 74 0 6
t 74 1 15
t 74 2 6
t 74 3 52
t 74 4 6
t 74 5 65
t 75 0 21
t 75 1 50
t 75 2 21
t 75 4 6
t 75 5 70
t 76 2 31
t 76 3 70
t 77 2 78
t 77 3 79
t 77 4 32
t 78 2 13
t 78 3 63
t 78 4 13
t 79 2 29
t 79 4 13
t 80 0 81
t 80 1 83
t 80 2 33
t 80 3 84
t 80 4 88
t 80 5 93
t 81 0 34
t 81 1 82
t 81 2 14
t 81 3 36
t 81 4 38
t 81 5 40
t 82 2 6
t 82 3 26
t 82 4 6
t 82 5 27
t 83 0 35
t 83 2 25
t 83 3 62
t 83 4 64
t 83 5 66
t 84 1 62
t 84 4 85
t 84 5 87
t 85 0 6
t 85 1 15
t 85 2 6
t 85 3 21
t 85 4 6
t 85 5 86
t 86 1 7
t 87 1 63
t 87 4 37
t 88 0 89
t 88 1 90
t 88 2 51
t 88 3 91
t 88 4 38
t 88 5 92
t 89 0 6
t 89 1 8
t 89 2 6
t 89 3 9
t 89 4 6
t 89 5 39
t 90 0 15
t 90 2 6
t 90 3 50
t 90 4 6
t 90 5 65
t 91 0 21
t 91 1 50
t 91 2 21
t 91 4 6
t 91 5 86
t 92 1 65
t 92 3 86
t 93 1 94
t 93 3 95
t 93 4 40
t 94 3 63
t 94 4 17
t 95 1 63
t 95 4 17
t 96 1 97
t 96 2 99
t 96 4 101
t 96 5 106
t 97 2 98
t 97 4 69
t 97 5 71
t 98 1 12
t 98 2 9
t 98 4 6
t 98 5 63
t 99 1 100
t 99 2 43
t 99 4 85
t 99 5 87
t 100 2 9
t 100 4 6
t 100 5 63
t 101 0 102
t 101 1 103
t 101 2 104
t 101 3 53
t 101 4 44
t 101 5 105
t 102 0 6
t 102 1 8
t 102 2 6
t 102 3 9
t 102 4 6
t 102 5 45
t 103 0 15
t 103 2 6
t 103 3 50
t 103 4 6
t 103 5 70
t 104 0 6
t 104 1 15
t 104 2 6
t 104 3 52
t 104 4 6
t 104 5 86
t 105 1 70
t 105 2 45
t 106 1 107
t 106 2 46
t 106 4 46
t 107 2 19
t 107 4 19
t 108 0 109
t 108 1 113
t 108 2 118
t 108 3 122
t 108 4 47
t 108 5 125
t 109 0 48
t 109 1 110
t 109 2 111
t 109 3 112
t 109 4 20
t 109 5 54
t 110 2 6
t 110 3 12
t 110 4 6
t 110 5 31
t 111 0 6
t 111 1 15
t 111 2 6
t 111 3 16
t 111 4 6
t 111 5 39
t 112 1 12
t 112 2 9
t 112 4 6
t 112 5 45
t 113 0 114
t 113 2 115
t 113 3 117
t 113 4 30
t 113 5 76
t 114 0 15
t 114 2 6
t 114 3 12
t 114 4 6
t 114 5 31
t 115 0 6
t 115 1 15
t 115 2 6
t 115 3 116
t 115 4 6
t 115 5 65
t 116 0 7
t 116 4 7
t 116 5 7
t 117 0 50
t 117 2 50
t 117 4 6
t 117 5 70
t 118 0 119
t 118 1 120
t 118 2 51
t 118 3 121
t 118 4 38
t 118 5 92
t 119 0 6
t 119 1 8
t 119 2 6
t 119 3 16
t 119 4 6
t 119 5 39
t 120 0 15
t 120 2 6
t 120 3 116
t 120 4 6
t 120 5 65
t 121 0 52
t 121 1 116
t 121 4 6
t 121 5 86
t 122 0 123
t 122 1 124
t 122 2 91
t 122 4 44
t 122 5 105
t 123 0 21
t 123 1 12
t 123 2 21
t 123 4 6
t 123 5 45
t 124 0 50
t 124 2 21
t 124 4 6
t 124 5 70
t 125 1 126
t 125 2 127
t 125 3 105
t 126 2 22
t 126 3 70
t 127 1 31
t 127 2 22
t 127 3 86
t 128 1 129
t 128 2 132
t 128 3 135
t 128 4 55
t 129 2 130
t 129 3 131
t 129 4 23
t 130 1 13
t 130 2 10
t 130 3 63
t 130 4 10
t 131 2 29
t 131 4 10
t 132 1 133
t 132 2 57
t 132 3 134
t 132 4 23
t 133 2 10
t 133 3 63
t 133 4 10
t 134 1 63
t 134 4 10
t 135 1 136
t 135 2 58
t 135 4 23
t 136 2 19
t 136 4 10
t 137 0 138
t 137 1 178
t 137 2 180
t 137 3 195
t 137 4 213
t 137 5 226
t 138 1 139
t 138 2 155
t 138 3 159
t 138 4 166
t 138 5 168
t 139 0 140
t 139 1 145
t 139 2 147
t 139 3 149
t 139 4 152
t 139 5 153
t 140 1 141
t 140 2 143
t 140 3 141
t 140 4 144
t 140 5 141
t 141 0 142
t 141 1 142
t 141 2 142
t 141 3 142
t 141 4 142
t 141 5 142
t 143 3 142
t 143 4 142
t 143 5 142
t 144 2 142
t 144 3 142
t 144 5 142
t 145 0 146
t 145 1 141
t 145 2 143
t 145 3 141
t 145 4 144
t 145 5 141
t 146 1 142
t 146 2 142
t 146 3 142
t 146 4 142
t 146 5 142
t 147 3 141
t 147 4 148
t 147 5 141
t 148 3 142
t 148 5 142
t 149 0 146
t 149 1 141
t 149 2 150
t 149 3 141
t 149 4 151
t 149 5 141
t 150 0 142
t 150 1 142
t 150 3 142
t 150 4 142
t 150 5 142
t 151 2 142
t 151 5 142
t 152 2 148
t 152 3 144
t 152 5 141
t 153 0 146
t 153 1 141
t 153 2 150
t 153 3 141
t 153 4 154
t 153 5 141
t 154 0 142
t 154 1 142
t 154 2 142
t 154 3 142
t 154 5 142
t 155 3 156
t 155 4 158
t 155 5 153
t 156 0 146
t 156 1 141
t 156 2 150
t 156 3 141
t 156 4 157
t 156 5 141
t 157 5 142
t 158 3 148
t 158 5 141
t 159 0 160
t 159 1 162
t 159 2 164
t 159 3 149
t 159 4 165
t 159 5 153
t 160 1 141
t 160 2 161
t 160 3 141
t 160 4 151
t 160 5 141
t 161 1 142
t 161 3 142
t 161 4 142
t 161 5 142
t 162 0 146
t 162 1 141
t 162 2 163
t 162 3 141
t 162 4 151
t 162 5 141
t 163 0 142
t 163 3 142
t 163 4 142
t 163 5 142
t 164 0 161
t 164 1 150
t 164 3 141
t 164 4 157
t 164 5 141
t 165 2 157
t 165 5 141
t 166 2 167
t 166 3 152
t 166 5 153
t 167 3 144
t 167 5 141
t 168 0 169
t 168 1 171
t 168 2 173
t 168 3 175
t 168 4 177
t 168 5 153
t 169 1 141
t 169 2 161
t 169 3 141
t 169 4 170
t 169 5 141
t 170 1 142
t 170 2 142
t 170 3 142
t 170 5 142
t 171 0 146
t 171 1 141
t 171 2 163
t 171 3 141
t 171 4 172
t 171 5 141
t 172 0 142
t 172 2 142
t 172 3 142
t 172 5 142
t 173 0 161
t 173 1 150
t 173 3 141
t 173 4 174
t 173 5 141
t 174 0 142
t 174 1 142
t 174 3 142
t 174 5 142
t 175 0 146
t 175 1 141
t 175 2 150
t 175 3 141
t 175 4 176
t 175 5 141
t 176 0 142
t 176 1 142
t 176 2 142
t 176 5 142
t 177 0 170
t 177 1 154
t 177 2 174
t 177 3 154
t 177 5 141
t 178 0 179
t 178 1 139
t 178 2 155
t 178 3 159
t 178 4 166
t 178 5 168
t 179 1 145
t 179 2 147
t 179 3 149
t 179 4 152
t 179 5 153
t 180 0 181
t 180 1 83
t 180 2 60
t 180 3 182
t 180 4 188
t 180 5 191
t 181 0 61
t 181 1 82
t 181 2 25
t 181 3 62
t 181 4 64
t 181 5 66
t 182 0 183
t 182 1 184
t 182 2 164
t 182 3 156
t 182 4 185
t 182 5 186
t 183 1 141
t 183 2 161
t 183 3 141
t 183 4 157
t 183 5 141
t 184 0 146
t 184 1 141
t 184 2 163
t 184 3 141
t 184 4 157
t 184 5 141
t 185 0 6
t 185 1 15
t 185 2 6
t 185 3 21
t 185 4 6
t 185 5 141
t 186 0 146
t 186 1 141
t 186 2 150
t 186 3 141
t 186 4 187
t 186 5 141
t 187 0 142
t 187 1 142
t 187 2 142
t 187 3 142
t 187 4 7
t 187 5 142
t 188 0 189
t 188 1 90
t 188 2 74
t 188 3 190
t 188 4 64
t 188 5 153
t 189 0 6
t 189 1 8
t 189 2 6
t 189 3 9
t 189 4 6
t 189 5 65
t 190 0 21
t 190 1 50
t 190 2 21
t 190 3 148
t 190 4 6
t 190 5 141
t 191 0 169
t 191 1 171
t 191 2 173
t 191 3 192
t 191 4 194
t 191 5 153
t 192 0 146
t 192 1 141
t 192 2 150
t 192 3 141
t 192 4 193
t 192 5 141
t 193 0 142
t 193 1 142
t 193 2 142
t 193 3 7
t 193 4 7
t 193 5 142
t 194 0 170
t 194 1 154
t 194 2 174
t 194 3 187
t 194 4 27
t 194 5 141
t 195 0 196
t 195 1 199
t 195 2 202
t 195 3 159
t 195 4 204
t 195 5 209
t 196 1 197
t 196 2 198
t 196 3 149
t 196 4 165
t 196 5 153
t 197 0 146
t 197 1 141
t 197 2 143
t 197 3 141
t 197 4 151
t 197 5 141
t 198 1 161
t 198 3 141
t 198 4 157
t 198 5 141
t 199 0 200
t 199 1 162
t 199 2 201
t 199 3 149
t 199 4 165
t 199 5 153
t 200 1 141
t 200 2 143
t 200 3 141
t 200 4 151
t 200 5 141
t 201 0 143
t 201 3 141
t 201 4 157
t 201 5 141
t 202 0 203
t 202 1 164
t 202 2 68
t 202 3 156
t 202 4 185
t 202 5 186
t 203 1 150
t 203 3 141
t 203 4 157
t 203 5 141
t 204 0 205
t 204 1 103
t 204 2 206
t 204 3 75
t 204 4 69
t 204 5 207
t 205 0 6
t 205 1 8
t 205 2 6
t 205 3 9
t 205 4 6
t 205 5 70
t 206 0 6
t 206 1 15
t 206 2 6
t 206 3 52
t 206 4 6
t 206 5 141
t 207 0 146
t 207 1 141
t 207 2 208
t 207 3 141
t 207 4 154
t 207 5 141
t 208 0 142
t 208 1 142
t 208 2 7
t 208 3 142
t 208 4 142
t 208 5 142
t 209 0 169
t 209 1 171
t 209 2 210
t 209 3 175
t 209 4 212
t 209 5 153
t 210 0 161
t 210 1 150
t 210 2 29
t 210 3 141
t 210 4 211
t 210 5 141
t 211 0 142
t 211 1 142
t 211 2 7
t 211 3 142
t 211 4 7
t 211 5 142
t 212 0 170
t 212 1 154
t 212 2 211
t 212 3 154
t 212 4 29
t 212 5 141
t 213 0 214
t 213 1 113
t 213 2 217
t 213 3 220
t 213 4 72
t 213 5 223
t 214 0 73
t 214 1 110
t 214 2 215
t 214 3 216
t 214 4 30
t 214 5 76
t 215 0 6
t 215 1 15
t 215 2 6
t 215 3 16
t 215 4 6
t 215 5 65
t 216 1 12
t 216 2 9
t 216 4 6
t 216 5 70
t 217 0 218
t 217 1 120
t 217 2 74
t 217 3 219
t 217 4 64
t 217 5 153
t 218 0 6
t 218 1 8
t 218 2 6
t 218 3 16
t 218 4 6
t 218 5 65
t 219 0 52
t 219 1 116
t 219 2 148
t 219 3 144
t 219 4 6
t 219 5 141
t 220 0 221
t 220 1 124
t 220 2 222
t 220 3 152
t 220 4 69
t 220 5 207
t 221 0 21
t 221 1 12
t 221 2 21
t 221 4 6
t 221 5 70
t 222 0 21
t 222 1 50
t 222 2 21
t 222 3 144
t 222 4 6
t 222 5 141
t 223 0 169
t 223 1 171
t 223 2 224
t 223 3 225
t 223 4 177
t 223 5 153
t 224 0 161
t 224 1 150
t 224 2 31
t 224 3 141
t 224 4 174
t 224 5 141
t 225 0 146
t 225 1 141
t 225 2 208
t 225 3 141
t 225 4 176
t 225 5 141
t 226 0 227
t 226 1 233
t 226 2 239
t 226 3 245
t 226 4 250
t 226 5 168
t 227 1 145
t 227 2 228
t 227 3 230
t 227 4 232
t 227 5 153
t 228 1 161
t 228 3 141
t 228 4 229
t 228 5 141
t 229 1 142
t 229 3 142
t 229 5 142
t 230 0 146
t 230 1 141
t 230 2 150
t 230 3 141
t 230 4 231
t 230 5 141
t 231 1 142
t 231 2 142
t 231 5 142
t 232 1 170
t 232 2 229
t 232 3 170
t 232 5 141
t 233 0 140
t 233 1 171
t 233 2 234
t 233 3 236
t 233 4 238
t 233 5 153
t 234 0 143
t 234 3 141
t 234 4 235
t 234 5 141
t 235 0 142
t 235 3 142
t 235 5 142
t 236 0 146
t 236 1 141
t 236 2 150
t 236 3 141
t 236 4 237
t 236 5 141
t 237 0 142
t 237 2 142
t 237 5 142
t 238 0 144
t 238 2 235
t 238 3 172
t 238 5 141
t 239 0 240
t 239 1 241
t 239 2 78
t 239 3 242
t 239 4 244
t 239 5 153
t 240 1 150
t 240 3 141
t 240 4 229
t 240 5 141
t 241 0 161
t 241 1 150
t 241 3 141
t 241 4 235
t 241 5 141
t 242 0 146
t 242 1 141
t 242 2 150
t 242 3 141
t 242 4 243
t 242 5 141
t 243 0 142
t 243 1 142
t 243 2 7
t 243 3 7
t 243 4 7
t 243 5 142
t 244 0 229
t 244 1 174
t 244 2 13
t 244 3 211
t 244 4 13
t 244 5 141
t 245 0 246
t 245 1 247
t 245 2 248
t 245 3 175
t 245 4 249
t 245 5 153
t 246 1 141
t 246 2 161
t 246 3 141
t 246 4 231
t 246 5 141
t 247 0 146
t 247 1 141
t 247 2 163
t 247 3 141
t 247 4 237
t 247 5 141
t 248 0 161
t 248 1 150
t 248 2 29
t 248 3 141
t 248 4 243
t 248 5 141
t 249 0 231
t 249 1 176
t 249 2 243
t 249 3 29
t 249 4 13
t 249 5 141
t 250 0 251
t 250 1 252
t 250 2 253
t 250 3 254
t 250 4 32
t 250 5 153
t 251 1 154
t 251 2 229
t 251 3 154
t 251 5 141
t 252 0 170
t 252 1 154
t 252 2 235
t 252 3 154
t 252 5 141
t 253 0 229
t 253 1 174
t 253 2 13
t 253 3 187
t 253 4 13
t 253 5 141
t 254 0 170
t 254 1 154
t 254 2 211
t 254 3 154
t 254 4 13
t 254 5 141
t 255 0 256
t 255 1 258
t 255 2 80
t 255 3 261
t 255 4 282
t 255 5 293
t 256 0 81
t 256 1 257
t 256 2 33
t 256 3 84
t 256 4 88
t 256 5 93
t 257 2 25
t 257 3 62
t 257 4 64
t 257 5 66
t 258 0 83
t 258 1 259
t 258 2 60
t 258 3 182
t 258 4 188
t 258 5 191
t 259 1 260
t 259 3 156
t 259 4 158
t 259 5 153
t 260 1 161
t 260 3 141
t 260 4 148
t 260 5 141
t 261 0 262
t 261 1 268
t 261 2 270
t 261 3 272
t 261 4 275
t 261 5 278
t 262 1 263
t 262 2 264
t 262 3 266
t 262 4 267
t 262 5 153
t 263 0 146
t 263 1 141
t 263 2 143
t 263 3 141
t 263 4 157
t 263 5 141
t 264 1 161
t 264 3 141
t 264 4 265
t 264 5 141
t 265 1 142
t 265 5 142
t 266 0 146
t 266 1 141
t 266 2 150
t 266 3 141
t 266 4 265
t 266 5 141
t 267 1 265
t 267 5 141
t 268 0 269
t 268 1 184
t 268 2 201
t 268 3 156
t 268 4 185
t 268 5 186
t 269 1 141
t 269 2 143
t 269 3 141
t 269 4 157
t 269 5 141
t 270 0 271
t 270 1 164
t 270 3 266
t 270 4 267
t 270 5 153
t 271 1 150
t 271 3 141
t 271 4 265
t 271 5 141
t 272 0 273
t 272 1 184
t 272 2 274
t 272 3 266
t 272 4 267
t 272 5 153
t 273 1 141
t 273 2 161
t 273 3 141
t 273 4 265
t 273 5 141
t 274 0 161
t 274 1 150
t 274 3 141
t 274 4 265
t 274 5 141
t 275 0 276
t 275 1 277
t 275 2 104
t 275 3 91
t 275 4 85
t 275 5 153
t 276 0 6
t 276 1 8
t 276 2 6
t 276 3 9
t 276 4 6
t 276 5 86
t 277 0 15
t 277 1 265
t 277 2 6
t 277 3 50
t 277 4 6
t 277 5 141
t 278 0 169
t 278 1 279
t 278 2 173
t 278 3 175
t 278 4 281
t 278 5 153
t 279 0 146
t 279 1 141
t 279 2 163
t 279 3 141
t 279 4 280
t 279 5 141
t 280 0 142
t 280 1 7
t 280 2 142
t 280 3 142
t 280 4 7
t 280 5 142
t 281 0 170
t 281 1 187
t 281 2 174
t 281 3 154
t 281 4 37
t 281 5 141
t 282 0 283
t 282 1 286
t 282 2 118
t 282 3 290
t 282 4 88
t 282 5 168
t 283 0 89
t 283 1 284
t 283 2 111
t 283 3 285
t 283 4 38
t 283 5 92
t 284 2 6
t 284 3 12
t 284 4 6
t 284 5 65
t 285 1 12
t 285 2 9
t 285 4 6
t 285 5 86
t 286 0 287
t 286 1 288
t 286 2 115
t 286 3 289
t 286 4 64
t 286 5 153
t 287 0 15
t 287 2 6
t 287 3 12
t 287 4 6
t 287 5 65
t 288 1 229
t 288 3 229
t 288 5 141
t 289 0 50
t 289 1 229
t 289 2 50
t 289 3 229
t 289 4 6
t 289 5 141
t 290 0 291
t 290 1 292
t 290 2 91
t 290 3 288
t 290 4 85
t 290 5 153
t 291 0 21
t 291 1 12
t 291 2 21
t 291 4 6
t 291 5 86
t 292 0 50
t 292 1 229
t 292 2 21
t 292 3 229
t 292 4 6
t 292 5 141
t 293 0 227
t 293 1 294
t 293 2 298
t 293 3 302
t 293 4 306
t 293 5 168
t 294 0 140
t 294 1 171
t 294 2 234
t 294 3 295
t 294 4 297
t 294 5 153
t 295 0 146
t 295 1 141
t 295 2 150
t 295 3 141
t 295 4 296
t 295 5 141
t 296 0 142
t 296 1 7
t 296 2 142
t 296 3 7
t 296 4 7
t 296 5 142
t 297 0 144
t 297 1 27
t 297 2 235
t 297 3 280
t 297 4 17
t 297 5 141
t 298 0 240
t 298 1 241
t 298 3 299
t 298 4 301
t 298 5 153
t 299 0 146
t 299 1 141
t 299 2 150
t 299 3 141
t 299 4 300
t 299 5 141
t 300 0 142
t 300 1 142
t 300 5 142
t 301 0 229
t 301 1 174
t 301 3 174
t 301 5 141
t 302 0 246
t 302 1 303
t 302 2 304
t 302 3 175
t 302 4 305
t 302 5 153
t 303 0 146
t 303 1 141
t 303 2 163
t 303 3 141
t 303 4 296
t 303 5 141
t 304 0 161
t 304 1 150
t 304 3 141
t 304 4 300
t 304 5 141
t 305 0 231
t 305 1 193
t 305 2 300
t 305 3 37
t 305 4 17
t 305 5 141
t 306 0 251
t 306 1 307
t 306 2 308
t 306 3 309
t 306 4 40
t 306 5 153
t 307 0 170
t 307 1 154
t 307 2 235
t 307 3 187
t 307 4 17
t 307 5 141
t 308 0 229
t 308 1 174
t 308 3 154
t 308 5 141
t 309 0 170
t 309 1 187
t 309 2 174
t 309 3 154
t 309 4 17
t 309 5 141
t 310 0 311
t 310 1 319
t 310 2 322
t 310 3 325
t 310 4 327
t 310 5 341
t 311 1 312
t 311 2 314
t 311 3 315
t 311 4 317
t 311 5 168
t 312 0 200
t 312 1 197
t 312 2 313
t 312 3 149
t 312 4 165
t 312 5 153
t 313 3 141
t 313 4 157
t 313 5 141
t 314 1 198
t 314 3 266
t 314 4 267
t 314 5 153
t 315 0 246
t 315 1 162
t 315 2 274
t 315 3 230
t 315 4 316
t 315 5 153
t 316 1 231
t 316 2 265
t 316 5 141
t 317 1 318
t 317 2 267
t 317 5 153
t 318 1 231
t 318 2 157
t 318 5 141
t 319 0 320
t 319 1 199
t 319 2 321
t 319 3 159
t 319 4 204
t 319 5 209
t 320 1 197
t 320 2 313
t 320 3 149
t 320 4 165
t 320 5 153
t 321 0 313
t 321 1 100
t 321 2 98
t 321 3 156
t 321 4 185
t 321 5 186
t 322 0 323
t 322 1 324
t 322 2 99
t 322 3 272
t 322 4 275
t 322 5 278
t 323 1 164
t 323 3 266
t 323 4 267
t 323 5 153
t 324 0 203
t 324 1 164
t 324 2 98
t 324 3 156
t 324 4 185
t 324 5 186
t 325 0 326
t 325 1 199
t 325 2 270
t 325 3 315
t 325 4 317
t 325 5 168
t 326 1 197
t 326 2 264
t 326 3 230
t 326 4 316
t 326 5 153
t 327 0 328
t 327 1 331
t 327 2 334
t 327 3 122
t 327 4 101
t 327 5 337
t 328 0 102
t 328 1 329
t 328 2 330
t 328 3 112
t 328 4 44
t 328 5 105
t 329 2 6
t 329 3 12
t 329 4 6
t 329 5 70
t 330 0 6
t 330 1 15
t 330 2 6
t 330 3 16
t 330 4 6
t 330 5 86
t 331 0 332
t 331 1 318
t 331 2 333
t 331 3 117
t 331 4 69
t 331 5 207
t 332 0 15
t 332 2 6
t 332 3 12
t 332 4 6
t 332 5 70
t 333 0 6
t 333 1 15
t 333 2 6
t 333 3 116
t 333 4 6
t 333 5 141
t 334 0 335
t 334 1 336
t 334 2 104
t 334 3 121
t 334 4 85
t 334 5 153
t 335 0 6
t 335 1 8
t 335 2 6
t 335 3 16
t 335 4 6
t 335 5 86
t 336 0 15
t 336 1 265
t 336 2 6
t 336 3 116
t 336 4 6
t 336 5 141
t 337 0 169
t 337 1 338
t 337 2 340
t 337 3 175
t 337 4 177
t 337 5 153
t 338 0 146
t 338 1 141
t 338 2 339
t 338 3 141
t 338 4 172
t 338 5 141
t 339 0 142
t 339 1 7
t 339 2 7
t 339 3 142
t 339 4 142
t 339 5 142
t 340 0 161
t 340 1 208
t 340 2 45
t 340 3 141
t 340 4 174
t 340 5 141
t 341 0 227
t 341 1 342
t 341 2 346
t 341 3 349
t 341 4 351
t 341 5 168
t 342 0 140
t 342 1 171
t 342 2 343
t 342 3 236
t 342 4 345
t 342 5 153
t 343 0 143
t 343 1 29
t 343 2 19
t 343 3 141
t 343 4 344
t 343 5 141
t 344 0 142
t 344 1 7
t 344 2 7
t 344 3 142
t 344 4 7
t 344 5 142
t 345 0 144
t 345 1 29
t 345 2 344
t 345 3 172
t 345 4 19
t 345 5 141
t 346 0 240
t 346 1 347
t 346 2 46
t 346 3 299
t 346 4 348
t 346 5 153
t 347 0 161
t 347 1 150
t 347 2 19
t 347 3 141
t 347 4 344
t 347 5 141
t 348 0 229
t 348 1 211
t 348 2 19
t 348 3 174
t 348 4 19
t 348 5 141
t 349 0 246
t 349 1 247
t 349 2 304
t 349 3 175
t 349 4 350
t 349 5 153
t 350 0 231
t 350 1 176
t 350 2 300
t 350 5 141
t 351 0 251
t 351 1 352
t 351 2 353
t 351 3 177
t 351 4 46
t 351 5 153
t 352 0 170
t 352 1 154
t 352 2 344
t 352 3 154
t 352 4 19
t 352 5 141
t 353 0 229
t 353 1 211
t 353 2 19
t 353 3 154
t 353 4 19
t 353 5 141
t 354 0 355
t 354 1 364
t 354 2 374
t 354 3 382
t 354 4 108
t 354 5 390
t 355 0 109
t 355 1 356
t 355 2 359
t 355 3 362
t 355 4 47
t 355 5 125
t 356 2 357
t 356 3 358
t 356 4 30
t 356 5 76
t 357 0 6
t 357 1 15
t 357 2 6
t 357 3 26
t 357 4 6
t 357 5 65
t 358 2 12
t 358 4 6
t 358 5 70
t 359 0 119
t 359 1 360
t 359 2 111
t 359 3 361
t 359 4 38
t 359 5 92
t 360 0 15
t 360 2 6
t 360 3 26
t 360 4 6
t 360 5 65
t 361 1 26
t 361 4 6
t 361 5 86
t 362 1 363
t 362 2 285
t 362 4 44
t 362 5 105
t 363 2 9
t 363 4 6
t 363 5 70
t 364 0 365
t 364 1 366
t 364 2 369
t 364 3 372
t 364 4 72
t 364 5 223
t 365 0 114
t 365 2 357
t 365 3 358
t 365 4 30
t 365 5 76
t 366 1 367
t 366 2 368
t 366 3 232
t 366 5 153
t 367 1 170
t 367 2 148
t 367 3 170
t 367 5 141
t 368 3 170
t 368 5 141
t 369 0 370
t 369 1 120
t 369 2 115
t 369 3 371
t 369 4 64
t 369 5 153
t 370 0 6
t 370 1 8
t 370 2 6
t 370 3 26
t 370 4 6
t 370 5 65
t 371 0 116
t 371 1 170
t 371 2 229
t 371 3 170
t 371 4 6
t 371 5 141
t 372 0 117
t 372 1 367
t 372 2 373
t 372 3 232
t 372 4 69
t 372 5 207
t 373 0 50
t 373 1 229
t 373 2 50
t 373 3 170
t 373 4 6
t 373 5 141
t 374 0 375
t 374 1 377
t 374 2 118
t 374 3 379
t 374 4 88
t 374 5 168
t 375 0 119
t 375 1 376
t 375 2 111
t 375 3 361
t 375 4 38
t 375 5 92
t 376 2 6
t 376 3 26
t 376 4 6
t 376 5 65
t 377 0 360
t 377 1 378
t 377 2 115
t 377 3 371
t 377 4 64
t 377 5 153
t 378 1 229
t 378 3 170
t 378 5 141
t 379 0 380
t 379 1 381
t 379 2 378
t 379 3 232
t 379 4 85
t 379 5 153
t 380 0 52
t 380 1 26
t 380 4 6
t 380 5 86
t 381 0 116
t 381 1 170
t 381 2 148
t 381 3 170
t 381 4 6
t 381 5 141
t 382 0 383
t 382 1 385
t 382 2 387
t 382 3 389
t 382 4 101
t 382 5 337
t 383 0 123
t 383 1 384
t 383 2 91
t 383 4 44
t 383 5 105
t 384 2 21
t 384 4 6
t 384 5 70
t 385 0 124
t 385 1 367
t 385 2 386
t 385 3 232
t 385 4 69
t 385 5 207
t 386 0 21
t 386 1 50
t 386 2 21
t 386 3 170
t 386 4 6
t 386 5 141
t 387 0 291
t 387 1 388
t 387 2 91
t 387 3 232
t 387 4 85
t 387 5 153
t 388 0 50
t 388 1 229
t 388 2 21
t 388 3 170
t 388 4 6
t 388 5 141
t 389 1 367
t 389 2 378
t 389 3 232
t 389 5 153
t 390 0 227
t 390 1 391
t 390 2 394
t 390 3 396
t 390 4 399
t 390 5 168
t 391 0 140
t 391 1 171
t 391 2 392
t 391 3 393
t 391 4 238
t 391 5 153
t 392 0 143
t 392 1 31
t 392 2 22
t 392 3 141
t 392 4 235
t 392 5 141
t 393 0 146
t 393 1 141
t 393 2 208
t 393 3 141
t 393 4 237
t 393 5 141
t 394 0 240
t 394 1 395
t 394 2 127
t 394 3 299
t 394 4 301
t 394 5 153
t 395 0 161
t 395 1 150
t 395 2 22
t 395 3 141
t 395 4 235
t 395 5 141
t 396 0 246
t 396 1 397
t 396 2 398
t 396 3 175
t 396 4 350
t 396 5 153
t 397 0 146
t 397 1 141
t 397 2 339
t 397 3 141
t 397 4 237
t 397 5 141
t 398 0 161
t 398 1 208
t 398 2 45
t 398 3 141
t 398 4 300
t 398 5 141
t 399 0 251
t 399 1 252
t 399 2 308
t 399 3 177
t 399 5 153
t 400 0 401
t 400 1 403
t 400 2 415
t 400 3 427
t 400 4 436
t 400 5 451
t 401 1 139
t 401 2 402
t 401 3 315
t 401 4 389
t 401 5 168
t 402 1 260
t 402 3 266
t 402 4 288
t 402 5 153
t 403 0 179
t 403 1 233
t 403 2 404
t 403 3 408
t 403 4 411
t 403 5 168
t 404 0 147
t 404 1 133
t 404 2 130
t 404 3 405
t 404 4 407
t 404 5 153
t 405 0 146
t 405 1 141
t 405 2 150
t 405 3 141
t 405 4 406
t 405 5 141
t 406 0 142
t 406 1 7
t 406 2 7
t 406 3 7
t 406 4 7
t 406 5 142
t 407 0 148
t 407 1 13
t 407 2 10
t 407 3 344
t 407 4 10
t 407 5 141
t 408 0 160
t 408 1 247
t 408 2 409
t 408 3 236
t 408 4 410
t 408 5 153
t 409 0 161
t 409 1 150
t 409 2 29
t 409 3 141
t 409 4 406
t 409 5 141
t 410 0 151
t 410 1 13
t 410 2 406
t 410 3 19
t 410 4 10
t 410 5 141
t 411 0 412
t 411 1 56
t 411 2 413
t 411 3 414
t 411 4 23
t 411 5 153
t 412 2 148
t 412 3 172
t 412 5 141
t 413 0 148
t 413 1 13
t 413 2 10
t 413 3 280
t 413 4 10
t 413 5 141
t 414 0 144
t 414 1 29
t 414 2 344
t 414 3 172
t 414 4 10
t 414 5 141
t 415 0 416
t 415 1 418
t 415 2 132
t 415 3 420
t 415 4 423
t 415 5 168
t 416 1 417
t 416 3 266
t 416 4 288
t 416 5 153
t 417 0 161
t 417 1 150
t 417 3 141
t 417 4 148
t 417 5 141
t 418 0 419
t 418 1 241
t 418 2 130
t 418 3 405
t 418 4 407
t 418 5 153
t 419 1 150
t 419 3 141
t 419 4 148
t 419 5 141
t 420 0 273
t 420 1 421
t 420 2 304
t 420 3 299
t 420 4 422
t 420 5 153
t 421 0 146
t 421 1 141
t 421 2 163
t 421 3 141
t 421 4 406
t 421 5 141
t 422 0 265
t 422 1 243
t 422 2 10
t 422 3 19
t 422 4 10
t 422 5 141
t 423 0 424
t 423 1 425
t 423 2 57
t 423 3 426
t 423 4 23
t 423 5 153
t 424 1 174
t 424 3 174
t 424 5 141
t 425 0 229
t 425 1 174
t 425 2 10
t 425 3 211
t 425 4 10
t 425 5 141
t 426 0 229
t 426 1 211
t 426 2 19
t 426 3 174
t 426 4 10
t 426 5 141
t 427 0 326
t 427 1 428
t 427 2 430
t 427 3 349
t 427 4 432
t 427 5 168
t 428 0 200
t 428 1 247
t 428 2 429
t 428 3 236
t 428 4 410
t 428 5 153
t 429 0 143
t 429 1 29
t 429 2 19
t 429 3 141
t 429 4 406
t 429 5 141
t 430 0 271
t 430 1 431
t 430 2 58
t 430 3 299
t 430 4 422
t 430 5 153
t 431 0 161
t 431 1 150
t 431 2 19
t 431 3 141
t 431 4 406
t 431 5 141
t 432 0 433
t 432 1 434
t 432 2 435
t 432 3 58
t 432 4 23
t 432 5 153
t 433 1 176
t 433 2 265
t 433 5 141
t 434 0 231
t 434 1 176
t 434 2 406
t 434 3 29
t 434 4 10
t 434 5 141
t 435 0 265
t 435 1 243
t 435 2 10
t 435 3 37
t 435 4 10
t 435 5 141
t 436 0 437
t 436 1 440
t 436 2 444
t 436 3 448
t 436 4 55
t 436 5 168
t 437 1 438
t 437 2 439
t 437 3 177
t 437 5 153
t 438 0 170
t 438 1 154
t 438 2 148
t 438 3 154
t 438 5 141
t 439 1 229
t 439 3 154
t 439 5 141
t 440 0 441
t 440 1 252
t 440 2 442
t 440 3 443
t 440 4 23
t 440 5 153
t 441 1 154
t 441 2 148
t 441 3 154
t 441 5 141
t 442 0 148
t 442 1 13
t 442 2 10
t 442 3 187
t 442 4 10
t 442 5 141
t 443 0 170
t 443 1 154
t 443 2 211
t 443 3 154
t 443 4 10
t 443 5 141
t 444 0 445
t 444 1 446
t 444 2 57
t 444 3 447
t 444 4 23
t 444 5 153
t 445 1 174
t 445 3 154
t 445 5 141
t 446 0 229
t 446 1 174
t 446 2 10
t 446 3 187
t 446 4 10
t 446 5 141
t 447 0 170
t 447 1 187
t 447 2 174
t 447 3 154
t 447 4 10
t 447 5 141
t 448 0 251
t 448 1 449
t 448 2 450
t 448 3 177
t 448 4 23
t 448 5 153
t 449 0 170
t 449 1 154
t 449 2 344
t 449 3 154
t 449 4 10
t 449 5 141
t 450 0 229
t 450 1 211
t 450 2 19
t 450 3 154
t 450 4 10
t 450 5 141
t 451 0 227
t 451 1 233
t 451 2 298
t 451 3 349
t 451 4 399
t 451 5 168
t 452 0 453
t 452 1 457
t 452 2 483
t 452 3 549
t 452 4 595
t 452 5 636
t 453 0 454
t 453 1 178
t 453 2 180
t 453 3 195
t 453 4 213
t 453 5 226
t 454 0 455
t 454 2 60
t 454 3 67
t 454 4 72
t 454 5 77
t 455 0 456
t 455 2 25
t 455 3 28
t 455 4 30
t 455 5 32
t 456 0 15
t 456 2 6
t 456 3 12
t 456 4 6
t 456 5 13
t 457 0 138
t 457 1 458
t 457 2 468
t 457 3 474
t 457 4 479
t 457 5 451
t 458 0 179
t 458 1 233
t 458 2 459
t 458 3 463
t 458 4 466
t 458 5 168
t 459 0 147
t 459 3 460
t 459 4 462
t 459 5 153
t 460 0 146
t 460 1 141
t 460 2 150
t 460 3 141
t 460 4 461
t 460 5 141
t 461 0 142
t 461 5 142
t 462 0 148
t 462 3 235
t 462 5 141
t 463 0 160
t 463 1 247
t 463 2 464
t 463 3 236
t 463 4 465
t 463 5 153
t 464 0 161
t 464 1 150
t 464 3 141
t 464 4 461
t 464 5 141
t 465 0 151
t 465 2 461
t 465 5 141
t 466 0 412
t 466 2 467
t 466 3 238
t 466 5 153
t 467 0 148
t 467 3 172
t 467 5 141
t 468 0 155
t 468 3 469
t 468 4 472
t 468 5 168
t 469 0 183
t 469 1 470
t 469 2 464
t 469 3 460
t 469 4 471
t 469 5 153
t 470 0 146
t 470 1 141
t 470 2 163
t 470 3 141
t 470 4 461
t 470 5 141
t 471 0 157
t 471 5 141
t 472 0 473
t 472 3 462
t 472 5 153
t 473 3 235
t 473 5 141
t 474 0 196
t 474 1 475
t 474 2 477
t 474 3 463
t 474 4 478
t 474 5 168
t 475 0 200
t 475 1 247
t 475 2 476
t 475 3 236
t 475 4 465
t 475 5 153
t 476 0 143
t 476 3 141
t 476 4 461
t 476 5 141
t 477 0 203
t 477 1 464
t 477 3 460
t 477 4 471
t 477 5 153
t 478 0 165
t 478 2 471
t 478 5 153
t 479 0 480
t 479 2 482
t 479 3 466
t 479 5 168
t 480 2 481
t 480 3 238
t 480 5 153
t 481 3 172
t 481 5 141
t 482 0 481
t 482 3 238
t 482 5 153
t 483 0 484
t 483 1 485
t 483 2 508
t 483 3 510
t 483 4 523
t 483 5 538
t 484 0 181
t 484 1 257
t 484 2 60
t 484 3 182
t 484 4 188
t 484 5 191
t 485 0 83
t 485 2 486
t 485 3 495
t 485 4 500
t 485 5 505
t 486 0 61
t 486 1 487
t 486 2 489
t 486 3 490
t 486 4 492
t 486 5 494
t 487 0 15
t 487 2 6
t 487 3 116
t 487 4 6
t 487 5 488
t 488 0 7
t 488 3 7
t 488 4 7
t 489 0 6
t 489 1 15
t 489 2 6
t 489 3 116
t 489 4 6
t 489 5 488
t 490 0 116
t 490 4 6
t 490 5 491
t 491 0 7
t 491 4 7
t 492 0 6
t 492 1 15
t 492 2 6
t 492 3 21
t 492 4 6
t 492 5 493
t 493 0 7
t 493 3 7
t 494 0 488
t 494 3 491
t 494 4 488
t 495 0 496
t 495 4 497
t 495 5 499
t 496 0 116
t 496 4 6
t 496 5 63
t 497 0 6
t 497 1 15
t 497 2 6
t 497 3 21
t 497 4 6
t 497 5 498
t 498 0 7
t 499 0 491
t 499 4 491
t 500 0 189
t 500 1 501
t 500 2 502
t 500 3 503
t 500 4 492
t 500 5 504
t 501 0 15
t 501 2 6
t 501 3 50
t 501 4 6
t 501 5 493
t 502 0 6
t 502 1 15
t 502 2 6
t 502 3 52
t 502 4 6
t 502 5 493
t 503 0 21
t 503 1 50
t 503 2 21
t 503 4 6
t 503 5 498
t 504 0 493
t 504 3 498
t 505 0 506
t 505 3 507
t 505 4 494
t 506 0 488
t 506 3 63
t 506 4 488
t 507 0 491
t 507 4 488
t 508 0 181
t 508 1 509
t 508 2 486
t 508 3 495
t 508 4 500
t 508 5 505
t 509 0 35
t 509 2 489
t 509 3 490
t 509 4 492
t 509 5 494
t 510 0 511
t 510 1 512
t 510 2 477
t 510 3 469
t 510 4 513
t 510 5 519
t 511 0 496
t 511 1 263
t 511 2 198
t 511 3 156
t 511 4 185
t 511 5 186
t 512 0 269
t 512 1 470
t 512 2 476
t 512 3 460
t 512 4 471
t 512 5 153
t 513 0 514
t 513 1 515
t 513 2 516
t 513 3 503
t 513 4 497
t 513 5 517
t 514 0 6
t 514 1 8
t 514 2 6
t 514 3 9
t 514 4 6
t 514 5 141
t 515 0 15
t 515 2 6
t 515 3 50
t 515 4 6
t 515 5 498
t 516 0 6
t 516 1 15
t 516 2 6
t 516 3 52
t 516 4 6
t 516 5 498
t 517 0 518
t 517 1 141
t 517 2 150
t 517 3 141
t 517 4 154
t 517 5 141
t 518 0 7
t 518 1 142
t 518 2 142
t 518 3 142
t 518 4 142
t 518 5 142
t 519 0 520
t 519 1 171
t 519 2 173
t 519 3 175
t 519 4 522
t 519 5 153
t 520 0 491
t 520 1 141
t 520 2 161
t 520 3 141
t 520 4 521
t 520 5 141
t 521 0 7
t 521 1 142
t 521 2 142
t 521 3 142
t 521 4 7
t 521 5 142
t 522 0 521
t 522 1 154
t 522 2 174
t 522 3 154
t 522 4 491
t 522 5 141
t 523 0 524
t 523 1 526
t 523 2 529
t 523 3 532
t 523 4 500
t 523 5 535
t 524 0 189
t 524 1 284
t 524 2 215
t 524 3 525
t 524 4 64
t 524 5 153
t 525 0 148
t 525 1 12
t 525 2 9
t 525 3 235
t 525 4 6
t 525 5 141
t 526 0 287
t 526 2 527
t 526 3 528
t 526 4 492
t 526 5 504
t 527 0 6
t 527 1 15
t 527 2 6
t 527 3 116
t 527 4 6
t 527 5 493
t 528 0 50
t 528 2 50
t 528 4 6
t 528 5 498
t 529 0 218
t 529 1 530
t 529 2 502
t 529 3 531
t 529 4 492
t 529 5 504
t 530 0 15
t 530 2 6
t 530 3 116
t 530 4 6
t 530 5 493
t 531 0 52
t 531 1 116
t 531 4 6
t 531 5 498
t 532 0 533
t 532 1 534
t 532 2 503
t 532 3 462
t 532 4 497
t 532 5 517
t 533 0 21
t 533 1 12
t 533 2 21
t 533 3 235
t 533 4 6
t 533 5 141
t 534 0 50
t 534 2 21
t 534 4 6
t 534 5 498
t 535 0 536
t 535 1 171
t 535 2 173
t 535 3 537
t 535 4 177
t 535 5 153
t 536 0 493
t 536 1 141
t 536 2 161
t 536 3 141
t 536 4 170
t 536 5 141
t 537 0 518
t 537 1 141
t 537 2 150
t 537 3 141
t 537 4 176
t 537 5 141
t 538 0 539
t 538 1 233
t 538 2 298
t 538 3 543
t 538 4 546
t 538 5 168
t 539 0 506
t 539 1 145
t 539 2 228
t 539 3 540
t 539 4 542
t 539 5 153
t 540 0 146
t 540 1 141
t 540 2 150
t 540 3 141
t 540 4 541
t 540 5 141
t 541 0 7
t 541 1 142
t 541 2 142
t 541 3 7
t 541 4 7
t 541 5 142
t 542 0 488
t 542 1 170
t 542 2 229
t 542 3 521
t 542 4 488
t 542 5 141
t 543 0 544
t 543 1 247
t 543 2 304
t 543 3 175
t 543 4 545
t 543 5 153
t 544 0 491
t 544 1 141
t 544 2 161
t 544 3 141
t 544 4 541
t 544 5 141
t 545 0 541
t 545 1 176
t 545 2 300
t 545 3 491
t 545 4 488
t 545 5 141
t 546 0 547
t 546 1 252
t 546 2 308
t 546 3 548
t 546 4 494
t 546 5 153
t 547 0 488
t 547 1 154
t 547 2 229
t 547 3 187
t 547 4 488
t 547 5 141
t 548 0 521
t 548 1 154
t 548 2 174
t 548 3 154
t 548 4 488
t 548 5 141
t 549 0 550
t 549 1 555
t 549 2 557
t 549 3 474
t 549 4 561
t 549 5 582
t 550 0 551
t 550 1 312
t 550 2 554
t 550 3 159
t 550 4 204
t 550 5 209
t 551 0 552
t 551 2 553
t 551 4 69
t 551 5 71
t 552 0 50
t 552 2 50
t 552 4 6
t 552 5 29
t 553 0 50
t 553 2 50
t 553 4 6
t 553 5 63
t 554 0 553
t 554 1 198
t 554 2 553
t 554 3 156
t 554 4 185
t 554 5 186
t 555 0 320
t 555 1 475
t 555 2 556
t 555 3 463
t 555 4 478
t 555 5 168
t 556 0 313
t 556 3 460
t 556 4 471
t 556 5 153
t 557 0 558
t 557 1 477
t 557 2 559
t 557 3 469
t 557 4 513
t 557 5 519
t 558 0 553
t 558 1 164
t 558 2 553
t 558 3 156
t 558 4 185
t 558 5 186
t 559 0 553
t 559 2 560
t 559 4 497
t 559 5 499
t 560 0 50
t 560 2 50
t 560 4 6
t 560 5 491
t 561 0 562
t 561 1 564
t 561 2 570
t 561 3 573
t 561 4 575
t 561 5 578
t 562 0 205
t 562 1 329
t 562 2 563
t 562 3 216
t 562 4 69
t 562 5 207
t 563 0 6
t 563 1 15
t 563 2 6
t 563 3 16
t 563 4 6
t 563 5 141
t 564 0 332
t 564 2 565
t 564 3 566
t 564 4 568
t 564 5 569
t 565 0 6
t 565 1 15
t 565 2 6
t 565 3 116
t 565 4 6
t 565 5 498
t 566 0 50
t 566 2 50
t 566 4 6
t 566 5 567
t 567 0 7
t 567 2 7
t 568 0 6
t 568 1 15
t 568 2 6
t 568 3 21
t 568 4 6
t 568 5 567
t 569 0 567
t 569 2 567
t 570 0 571
t 570 1 572
t 570 2 516
t 570 3 531
t 570 4 497
t 570 5 517
t 571 0 6
t 571 1 8
t 571 2 6
t 571 3 16
t 571 4 6
t 571 5 141
t 572 0 15
t 572 2 6
t 572 3 116
t 572 4 6
t 572 5 498
t 573 0 221
t 573 1 574
t 573 2 503
t 573 4 568
t 573 5 569
t 574 0 50
t 574 2 21
t 574 4 6
t 574 5 567
t 575 0 205
t 575 1 576
t 575 2 516
t 575 3 577
t 575 4 568
t 575 5 569
t 576 0 15
t 576 2 6
t 576 3 50
t 576 4 6
t 576 5 567
t 577 0 21
t 577 1 50
t 577 2 21
t 577 4 6
t 577 5 567
t 578 0 579
t 578 1 171
t 578 2 581
t 578 3 175
t 578 4 177
t 578 5 153
t 579 0 567
t 579 1 141
t 579 2 580
t 579 3 141
t 579 4 170
t 579 5 141
t 580 0 7
t 580 1 142
t 580 2 7
t 580 3 142
t 580 4 142
t 580 5 142
t 581 0 580
t 581 1 150
t 581 2 567
t 581 3 141
t 581 4 174
t 581 5 141
t 582 0 583
t 582 1 233
t 582 2 589
t 582 3 349
t 582 4 592
t 582 5 168
t 583 0 584
t 583 1 145
t 583 2 586
t 583 3 230
t 583 4 588
t 583 5 153
t 584 0 585
t 584 2 585
t 584 4 585
t 585 0 7
t 585 2 7
t 585 4 7
t 586 0 585
t 586 1 161
t 586 2 585
t 586 3 141
t 586 4 587
t 586 5 141
t 587 0 7
t 587 1 142
t 587 2 7
t 587 3 142
t 587 4 7
t 587 5 142
t 588 0 585
t 588 1 170
t 588 2 587
t 588 3 170
t 588 4 585
t 588 5 141
t 589 0 590
t 589 1 241
t 589 2 584
t 589 3 299
t 589 4 591
t 589 5 153
t 590 0 585
t 590 1 150
t 590 2 585
t 590 3 141
t 590 4 587
t 590 5 141
t 591 0 587
t 591 1 174
t 591 2 585
t 591 3 174
t 591 4 585
t 591 5 141
t 592 0 593
t 592 1 252
t 592 2 594
t 592 3 177
t 592 4 584
t 592 5 153
t 593 0 585
t 593 1 154
t 593 2 587
t 593 3 154
t 593 4 585
t 593 5 141
t 594 0 587
t 594 1 174
t 594 2 585
t 594 3 154
t 594 4 585
t 594 5 141
t 595 0 596
t 595 1 601
t 595 2 613
t 595 3 618
t 595 4 624
t 595 5 626
t 596 0 214
t 596 1 356
t 596 2 597
t 596 3 599
t 596 4 72
t 596 5 223
t 597 0 218
t 597 1 360
t 597 2 215
t 597 3 598
t 597 4 64
t 597 5 153
t 598 0 144
t 598 1 26
t 598 2 235
t 598 3 172
t 598 4 6
t 598 5 141
t 599 0 412
t 599 1 363
t 599 2 600
t 599 3 238
t 599 4 69
t 599 5 207
t 600 0 148
t 600 1 12
t 600 2 9
t 600 3 172
t 600 4 6
t 600 5 141
t 601 0 365
t 601 2 602
t 601 3 604
t 601 4 605
t 601 5 610
t 602 0 370
t 602 1 530
t 602 2 527
t 602 3 603
t 602 4 492
t 602 5 504
t 603 0 116
t 603 4 6
t 603 5 498
t 604 0 117
t 604 2 528
t 604 4 568
t 604 5 569
t 605 0 73
t 605 1 606
t 605 2 502
t 605 3 577
t 605 4 608
t 605 5 609
t 606 0 15
t 606 2 6
t 606 3 50
t 606 4 6
t 606 5 607
t 607 0 7
t 607 2 7
t 607 3 7
t 608 0 6
t 608 1 15
t 608 2 6
t 608 3 21
t 608 4 6
t 608 5 607
t 609 0 607
t 609 2 607
t 609 3 567
t 610 0 611
t 610 2 612
t 610 3 569
t 611 0 607
t 611 2 607
t 611 3 70
t 612 0 607
t 612 2 607
t 612 3 498
t 613 0 614
t 613 1 615
t 613 2 529
t 613 3 616
t 613 4 500
t 613 5 535
t 614 0 218
t 614 1 376
t 614 2 215
t 614 3 598
t 614 4 64
t 614 5 153
t 615 0 360
t 615 2 527
t 615 3 603
t 615 4 492
t 615 5 504
t 616 0 617
t 616 1 603
t 616 2 467
t 616 3 238
t 616 4 497
t 616 5 517
t 617 0 52
t 617 1 26
t 617 2 148
t 617 3 172
t 617 4 6
t 617 5 141
t 618 0 619
t 618 1 621
t 618 2 622
t 618 3 466
t 618 4 575
t 618 5 578
t 619 0 221
t 619 1 384
t 619 2 620
t 619 3 238
t 619 4 69
t 619 5 207
t 620 0 21
t 620 1 50
t 620 2 21
t 620 3 172
t 620 4 6
t 620 5 141
t 621 0 124
t 621 2 503
t 621 4 568
t 621 5 569
t 622 0 623
t 622 1 534
t 622 2 503
t 622 3 238
t 622 4 497
t 622 5 517
t 623 0 21
t 623 1 12
t 623 2 21
t 623 3 172
t 623 4 6
t 623 5 141
t 624 0 214
t 624 1 625
t 624 2 529
t 624 3 573
t 624 4 605
t 624 5 610
t 625 0 114
t 625 2 527
t 625 3 566
t 625 4 608
t 625 5 609
t 626 0 627
t 626 1 233
t 626 2 630
t 626 3 633
t 626 4 399
t 626 5 168
t 627 0 611
t 627 1 145
t 627 2 628
t 627 3 629
t 627 4 232
t 627 5 153
t 628 0 607
t 628 1 161
t 628 2 607
t 628 3 141
t 628 4 229
t 628 5 141
t 629 0 146
t 629 1 141
t 629 2 208
t 629 3 141
t 629 4 231
t 629 5 141
t 630 0 631
t 630 1 241
t 630 2 612
t 630 3 632
t 630 4 301
t 630 5 153
t 631 0 607
t 631 1 150
t 631 2 607
t 631 3 141
t 631 4 229
t 631 5 141
t 632 0 518
t 632 1 141
t 632 2 150
t 632 3 141
t 632 4 300
t 632 5 141
t 633 0 634
t 633 1 247
t 633 2 635
t 633 3 175
t 633 4 350
t 633 5 153
t 634 0 567
t 634 1 141
t 634 2 580
t 634 3 141
t 634 4 231
t 634 5 141
t 635 0 580
t 635 1 150
t 635 2 567
t 635 3 141
t 635 4 300
t 635 5 141
t 636 0 637
t 636 1 458
t 636 2 654
t 636 3 666
t 636 4 676
t 636 5 451
t 637 0 638
t 637 1 139
t 637 2 644
t 637 3 648
t 637 4 651
t 637 5 168
t 638 0 639
t 638 2 641
t 638 3 642
t 638 4 643
t 639 0 640
t 639 2 640
t 639 3 29
t 639 4 640
t 640 0 7
t 640 2 7
t 640 3 7
t 640 4 7
t 641 0 640
t 641 2 640
t 641 3 63
t 641 4 640
t 642 2 29
t 642 4 640
t 643 0 640
t 643 2 640
t 643 3 585
t 643 4 640
t 644 0 641
t 644 1 260
t 644 2 641
t 644 3 645
t 644 4 647
t 644 5 153
t 645 0 146
t 645 1 141
t 645 2 150
t 645 3 141
t 645 4 646
t 645 5 141
t 646 0 7
t 646 1 142
t 646 2 7
t 646 3 7
t 646 4 7
t 646 5 142
t 647 0 640
t 647 1 229
t 647 2 640
t 647 3 587
t 647 4 640
t 647 5 141
t 648 0 246
t 648 1 162
t 648 2 649
t 648 3 230
t 648 4 650
t 648 5 153
t 649 0 161
t 649 1 150
t 649 2 29
t 649 3 141
t 649 4 646
t 649 5 141
t 650 0 640
t 650 1 231
t 650 2 646
t 650 3 585
t 650 4 640
t 650 5 141
t 651 0 639
t 651 1 367
t 651 2 652
t 651 3 653
t 651 4 643
t 651 5 153
t 652 0 640
t 652 1 229
t 652 2 640
t 652 3 521
t 652 4 640
t 652 5 141
t 653 0 585
t 653 1 170
t 653 2 587
t 653 3 170
t 653 4 640
t 653 5 141
t 654 0 655
t 654 1 656
t 654 2 657
t 654 3 660
t 654 4 663
t 654 5 168
t 655 0 641
t 655 1 417
t 655 2 641
t 655 3 645
t 655 4 647
t 655 5 153
t 656 0 419
t 656 1 241
t 656 3 460
t 656 4 462
t 656 5 153
t 657 0 641
t 657 2 658
t 657 3 659
t 657 4 643
t 658 0 640
t 658 2 640
t 658 3 491
t 658 4 640
t 659 0 491
t 659 4 640
t 660 0 661
t 660 1 470
t 660 2 304
t 660 3 299
t 660 4 662
t 660 5 153
t 661 0 491
t 661 1 141
t 661 2 161
t 661 3 141
t 661 4 646
t 661 5 141
t 662 0 646
t 662 1 300
t 662 2 640
t 662 3 585
t 662 4 640
t 662 5 141
t 663 0 664
t 663 1 301
t 663 2 658
t 663 3 665
t 663 4 643
t 663 5 153
t 664 0 640
t 664 1 174
t 664 2 640
t 664 3 211
t 664 4 640
t 664 5 141
t 665 0 587
t 665 1 174
t 665 2 585
t 665 3 174
t 665 4 640
t 665 5 141
t 666 0 667
t 666 1 475
t 666 2 670
t 666 3 349
t 666 4 672
t 666 5 168
t 667 0 668
t 667 1 197
t 667 2 669
t 667 3 230
t 667 4 650
t 667 5 153
t 668 0 585
t 668 2 585
t 668 4 640
t 669 0 585
t 669 1 161
t 669 2 585
t 669 3 141
t 669 4 646
t 669 5 141
t 670 0 671
t 670 1 464
t 670 2 668
t 670 3 299
t 670 4 662
t 670 5 153
t 671 0 585
t 671 1 150
t 671 2 585
t 671 3 141
t 671 4 646
t 671 5 141
t 672 0 673
t 672 1 674
t 672 2 675
t 672 3 668
t 672 4 643
t 672 5 153
t 673 0 640
t 673 1 176
t 673 2 646
t 673 3 29
t 673 4 640
t 673 5 141
t 674 0 231
t 674 1 176
t 674 2 461
t 674 5 141
t 675 0 646
t 675 1 300
t 675 2 640
t 675 3 491
t 675 4 640
t 675 5 141
t 676 0 677
t 676 1 680
t 676 2 682
t 676 3 685
t 676 4 688
t 676 5 168
t 677 0 639
t 677 1 438
t 677 2 678
t 677 3 679
t 677 4 643
t 677 5 153
t 678 0 640
t 678 1 229
t 678 2 640
t 678 3 187
t 678 4 640
t 678 5 141
t 679 0 170
t 679 1 154
t 679 2 211
t 679 3 154
t 679 4 640
t 679 5 141
t 680 0 441
t 680 1 252
t 680 2 681
t 680 3 177
t 680 5 153
t 681 0 148
t 681 3 154
t 681 5 141
t 682 0 683
t 682 1 308
t 682 2 658
t 682 3 684
t 682 4 643
t 682 5 153
t 683 0 640
t 683 1 174
t 683 2 640
t 683 3 187
t 683 4 640
t 683 5 141
t 684 0 521
t 684 1 154
t 684 2 174
t 684 3 154
t 684 4 640
t 684 5 141
t 685 0 686
t 685 1 252
t 685 2 687
t 685 3 177
t 685 4 643
t 685 5 153
t 686 0 585
t 686 1 154
t 686 2 587
t 686 3 154
t 686 4 640
t 686 5 141
t 687 0 587
t 687 1 174
t 687 2 585
t 687 3 154
t 687 4 640
t 687 5 141
t 688 0 639
t 688 2 658
t 688 3 668
t 688 4 643
t 689 0 690
t 689 1 694
t 689 2 697
t 689 3 743
t 689 4 775
t 689 5 801
t 690 0 256
t 690 1 691
t 690 2 80
t 690 3 261
t 690 4 282
t 690 5 293
t 691 0 692
t 691 1 693
t 691 2 60
t 691 3 182
t 691 4 188
t 691 5 191
t 692 1 417
t 692 3 156
t 692 4 158
t 692 5 153
t 693 0 419
t 693 1 417
t 693 3 156
t 693 4 158
t 693 5 153
t 694 0 695
t 694 1 696
t 694 2 508
t 694 3 510
t 694 4 523
t 694 5 538
t 695 0 83
t 695 1 693
t 695 2 60
t 695 3 182
t 695 4 188
t 695 5 191
t 696 0 692
t 696 1 656
t 696 3 469
t 696 4 472
t 696 5 168
t 697 0 256
t 697 1 485
t 697 2 698
t 697 3 720
t 697 4 728
t 697 5 734
t 698 0 81
t 698 1 509
t 698 2 699
t 698 3 707
t 698 4 712
t 698 5 716
t 699 0 34
t 699 1 487
t 699 2 700
t 699 3 702
t 699 4 704
t 699 5 706
t 700 0 6
t 700 1 15
t 700 2 6
t 700 3 52
t 700 4 6
t 700 5 701
t 701 0 7
t 701 1 7
t 701 3 7
t 701 4 7
t 702 0 52
t 702 1 116
t 702 4 6
t 702 5 703
t 703 0 7
t 703 1 7
t 703 4 7
t 704 0 6
t 704 1 15
t 704 2 6
t 704 3 21
t 704 4 6
t 704 5 705
t 705 0 7
t 705 1 7
t 705 3 7
t 706 0 701
t 706 1 488
t 706 3 703
t 706 4 701
t 707 0 708
t 707 1 490
t 707 4 709
t 707 5 711
t 708 0 52
t 708 1 26
t 708 4 6
t 708 5 37
t 709 0 6
t 709 1 15
t 709 2 6
t 709 3 21
t 709 4 6
t 709 5 710
t 710 0 7
t 710 1 7
t 711 0 703
t 711 1 491
t 711 4 703
t 712 0 89
t 712 1 501
t 712 2 713
t 712 3 714
t 712 4 704
t 712 5 715
t 713 0 6
t 713 1 15
t 713 2 6
t 713 3 52
t 713 4 6
t 713 5 705
t 714 0 21
t 714 1 50
t 714 2 21
t 714 4 6
t 714 5 710
t 715 0 705
t 715 1 493
t 715 3 710
t 716 0 717
t 716 1 718
t 716 3 719
t 716 4 706
t 717 0 701
t 717 1 27
t 717 3 37
t 717 4 701
t 718 0 488
t 718 3 491
t 718 4 701
t 719 0 703
t 719 1 491
t 719 4 701
t 720 0 721
t 720 1 495
t 720 4 722
t 720 5 725
t 721 0 708
t 721 1 62
t 721 4 85
t 721 5 87
t 722 0 276
t 722 1 515
t 722 2 723
t 722 3 714
t 722 4 709
t 722 5 724
t 723 0 6
t 723 1 15
t 723 2 6
t 723 3 52
t 723 4 6
t 723 5 710
t 724 0 710
t 724 1 498
t 725 0 726
t 725 1 727
t 725 4 711
t 726 0 703
t 726 1 63
t 726 4 703
t 727 0 491
t 727 4 703
t 728 0 283
t 728 1 526
t 728 2 729
t 728 3 731
t 728 4 712
t 728 5 732
t 729 0 119
t 729 1 530
t 729 2 713
t 729 3 730
t 729 4 704
t 729 5 715
t 730 0 52
t 730 1 116
t 730 4 6
t 730 5 710
t 731 0 291
t 731 1 534
t 731 2 714
t 731 4 709
t 731 5 724
t 732 0 733
t 732 1 504
t 732 3 724
t 733 0 705
t 733 1 65
t 733 3 86
t 734 0 735
t 734 1 738
t 734 3 741
t 734 4 716
t 735 0 717
t 735 1 736
t 735 3 737
t 735 4 706
t 736 3 63
t 736 4 701
t 737 1 63
t 737 4 701
t 738 0 739
t 738 3 740
t 738 4 706
t 739 0 488
t 739 3 63
t 739 4 701
t 740 0 491
t 740 4 701
t 741 0 742
t 741 1 740
t 741 4 706
t 742 0 703
t 742 1 63
t 742 4 701
t 743 0 744
t 743 1 746
t 743 2 748
t 743 3 753
t 743 4 755
t 743 5 764
t 744 0 721
t 744 1 745
t 744 2 314
t 744 3 272
t 744 4 275
t 744 5 278
t 745 0 269
t 745 1 263
t 745 2 313
t 745 3 156
t 745 4 185
t 745 5 186
t 746 0 747
t 746 1 512
t 746 2 556
t 746 3 469
t 746 4 513
t 746 5 519
t 747 0 496
t 747 1 263
t 747 2 313
t 747 3 156
t 747 4 185
t 747 5 186
t 748 0 323
t 748 1 477
t 748 3 749
t 748 4 751
t 748 5 168
t 749 0 273
t 749 1 470
t 749 2 304
t 749 3 299
t 749 4 750
t 749 5 153
t 750 0 265
t 750 1 300
t 750 5 141
t 751 0 752
t 751 1 750
t 751 5 153
t 752 1 300
t 752 5 141
t 753 0 262
t 753 1 512
t 753 2 754
t 753 3 749
t 753 4 751
t 753 5 168
t 754 0 271
t 754 1 464
t 754 3 299
t 754 4 750
t 754 5 153
t 755 0 756
t 755 1 758
t 755 2 760
t 755 3 731
t 755 4 722
t 755 5 761
t 756 0 276
t 756 1 757
t 756 2 330
t 756 3 285
t 756 4 85
t 756 5 153
t 757 0 265
t 757 1 300
t 757 2 6
t 757 3 12
t 757 4 6
t 757 5 141
t 758 0 759
t 758 1 750
t 758 2 565
t 758 3 528
t 758 4 497
t 758 5 517
t 759 0 15
t 759 1 300
t 759 2 6
t 759 3 12
t 759 4 6
t 759 5 141
t 760 0 335
t 760 1 572
t 760 2 723
t 760 3 730
t 760 4 709
t 760 5 724
t 761 0 762
t 761 1 763
t 761 2 173
t 761 3 175
t 761 4 177
t 761 5 153
t 762 0 710
t 762 1 141
t 762 2 161
t 762 3 141
t 762 4 170
t 762 5 141
t 763 0 518
t 763 1 141
t 763 2 163
t 763 3 141
t 763 4 172
t 763 5 141
t 764 0 765
t 764 1 769
t 764 2 298
t 764 3 349
t 764 4 772
t 764 5 168
t 765 0 726
t 765 1 766
t 765 2 228
t 765 3 230
t 765 4 768
t 765 5 153
t 766 0 146
t 766 1 141
t 766 2 143
t 766 3 141
t 766 4 767
t 766 5 141
t 767 0 7
t 767 1 7
t 767 2 142
t 767 3 142
t 767 4 7
t 767 5 142
t 768 0 703
t 768 1 521
t 768 2 229
t 768 3 170
t 768 4 703
t 768 5 141
t 769 0 770
t 769 1 171
t 769 2 234
t 769 3 236
t 769 4 771
t 769 5 153
t 770 0 491
t 770 1 141
t 770 2 143
t 770 3 141
t 770 4 767
t 770 5 141
t 771 0 767
t 771 1 491
t 771 2 235
t 771 3 172
t 771 4 703
t 771 5 141
t 772 0 773
t 772 1 774
t 772 2 308
t 772 3 177
t 772 4 711
t 772 5 153
t 773 0 703
t 773 1 187
t 773 2 229
t 773 3 154
t 773 4 703
t 773 5 141
t 774 0 521
t 774 1 154
t 774 2 235
t 774 3 154
t 774 4 703
t 774 5 141
t 775 0 776
t 775 1 781
t 775 2 786
t 775 3 788
t 775 4 728
t 775 5 793
t 776 0 283
t 776 1 777
t 776 2 359
t 776 3 779
t 776 4 88
t 776 5 168
t 777 0 424
t 777 1 301
t 777 2 357
t 777 3 778
t 777 4 64
t 777 5 153
t 778 0 229
t 778 1 174
t 778 2 12
t 778 3 174
t 778 4 6
t 778 5 141
t 779 0 424
t 779 1 780
t 779 2 285
t 779 3 301
t 779 4 85
t 779 5 153
t 780 0 229
t 780 1 174
t 780 2 9
t 780 3 174
t 780 4 6
t 780 5 141
t 781 0 782
t 781 1 783
t 781 2 602
t 781 3 784
t 781 4 500
t 781 5 535
t 782 0 287
t 782 1 301
t 782 2 357
t 782 3 778
t 782 4 64
t 782 5 153
t 783 0 424
t 783 1 301
t 783 3 301
t 783 5 153
t 784 0 785
t 784 1 301
t 784 2 528
t 784 3 301
t 784 4 497
t 784 5 517
t 785 0 50
t 785 1 174
t 785 2 50
t 785 3 174
t 785 4 6
t 785 5 141
t 786 0 375
t 786 1 615
t 786 2 729
t 786 3 787
t 786 4 712
t 786 5 732
t 787 0 380
t 787 1 603
t 787 4 709
t 787 5 724
t 788 0 789
t 788 1 791
t 788 2 731
t 788 3 783
t 788 4 722
t 788 5 761
t 789 0 291
t 789 1 790
t 789 2 91
t 789 3 301
t 789 4 85
t 789 5 153
t 790 0 229
t 790 1 174
t 790 2 21
t 790 3 174
t 790 4 6
t 790 5 141
t 791 0 792
t 791 1 301
t 791 2 503
t 791 3 301
t 791 4 497
t 791 5 517
t 792 0 50
t 792 1 174
t 792 2 21
t 792 3 174
t 792 4 6
t 792 5 141
t 793 0 794
t 793 1 795
t 793 2 298
t 793 3 798
t 793 4 399
t 793 5 168
t 794 0 733
t 794 1 145
t 794 2 228
t 794 3 230
t 794 4 232
t 794 5 153
t 795 0 796
t 795 1 171
t 795 2 234
t 795 3 797
t 795 4 238
t 795 5 153
t 796 0 493
t 796 1 141
t 796 2 143
t 796 3 141
t 796 4 144
t 796 5 141
t 797 0 518
t 797 1 141
t 797 2 150
t 797 3 141
t 797 4 237
t 797 5 141
t 798 0 799
t 798 1 800
t 798 2 304
t 798 3 175
t 798 4 350
t 798 5 153
t 799 0 710
t 799 1 141
t 799 2 161
t 799 3 141
t 799 4 231
t 799 5 141
t 800 0 518
t 800 1 141
t 800 2 163
t 800 3 141
t 800 4 237
t 800 5 141
t 801 0 802
t 801 1 813
t 801 2 821
t 801 3 822
t 801 4 830
t 801 5 451
t 802 0 735
t 802 1 803
t 802 2 402
t 802 3 807
t 802 4 810
t 802 5 168
t 803 0 140
t 803 1 145
t 803 2 147
t 803 3 804
t 803 4 806
t 803 5 153
t 804 0 146
t 804 1 141
t 804 2 150
t 804 3 141
t 804 4 805
t 804 5 141
t 805 0 7
t 805 1 7
t 805 2 142
t 805 3 7
t 805 4 7
t 805 5 142
t 806 0 701
t 806 1 488
t 806 2 148
t 806 3 767
t 806 4 701
t 806 5 141
t 807 0 246
t 807 1 808
t 807 2 274
t 807 3 230
t 807 4 809
t 807 5 153
t 808 0 146
t 808 1 141
t 808 2 163
t 808 3 141
t 808 4 805
t 808 5 141
t 809 0 701
t 809 1 541
t 809 2 265
t 809 3 703
t 809 4 701
t 809 5 141
t 810 0 717
t 810 1 811
t 810 2 378
t 810 3 812
t 810 4 706
t 810 5 153
t 811 0 488
t 811 1 170
t 811 2 148
t 811 3 521
t 811 4 701
t 811 5 141
t 812 0 703
t 812 1 521
t 812 2 229
t 812 3 170
t 812 4 701
t 812 5 141
t 813 0 814
t 813 1 233
t 813 2 459
t 813 3 815
t 813 4 818
t 813 5 168
t 814 0 739
t 814 1 145
t 814 2 147
t 814 3 804
t 814 4 806
t 814 5 153
t 815 0 816
t 815 1 247
t 815 2 464
t 815 3 236
t 815 4 817
t 815 5 153
t 816 0 491
t 816 1 141
t 816 2 161
t 816 3 141
t 816 4 805
t 816 5 141
t 817 0 805
t 817 1 488
t 817 2 461
t 817 3 703
t 817 4 701
t 817 5 141
t 818 0 819
t 818 1 718
t 818 2 467
t 818 3 820
t 818 4 706
t 818 5 153
t 819 0 701
t 819 1 27
t 819 2 148
t 819 3 280
t 819 4 701
t 819 5 141
t 820 0 767
t 820 1 491
t 820 2 235
t 820 3 172
t 820 4 701
t 820 5 141
t 821 0 416
t 821 1 656
t 821 3 749
t 821 4 783
t 821 5 168
t 822 0 823
t 822 1 825
t 822 2 754
t 822 3 349
t 822 4 827
t 822 5 168
t 823 0 742
t 823 1 824
t 823 2 264
t 823 3 230
t 823 4 809
t 823 5 153
t 824 0 146
t 824 1 141
t 824 2 143
t 824 3 141
t 824 4 805
t 824 5 141
t 825 0 826
t 825 1 247
t 825 2 476
t 825 3 236
t 825 4 817
t 825 5 153
t 826 0 491
t 826 1 141
t 826 2 143
t 826 3 141
t 826 4 805
t 826 5 141
t 827 0 828
t 827 1 829
t 827 2 750
t 827 3 719
t 827 4 706
t 827 5 153
t 828 0 701
t 828 1 193
t 828 2 265
t 828 3 37
t 828 4 701
t 828 5 141
t 829 0 541
t 829 1 176
t 829 2 461
t 829 3 491
t 829 4 701
t 829 5 141
t 830 0 831
t 830 1 834
t 830 2 837
t 830 3 838
t 830 4 716
t 830 5 168
t 831 0 717
t 831 1 832
t 831 2 439
t 831 3 833
t 831 4 706
t 831 5 153
t 832 0 170
t 832 1 154
t 832 2 148
t 832 3 187
t 832 4 701
t 832 5 141
t 833 0 170
t 833 1 187
t 833 2 174
t 833 3 154
t 833 4 701
t 833 5 141
t 834 0 835
t 834 1 252
t 834 2 681
t 834 3 836
t 834 4 706
t 834 5 153
t 835 0 488
t 835 1 154
t 835 2 148
t 835 3 187
t 835 4 701
t 835 5 141
t 836 0 521
t 836 1 154
t 836 2 174
t 836 3 154
t 836 4 701
t 836 5 141
t 837 0 445
t 837 1 308
t 837 3 177
t 837 5 153
t 838 0 839
t 838 1 840
t 838 2 308
t 838 3 177
t 838 4 706
t 838 5 153
t 839 0 703
t 839 1 187
t 839 2 229
t 839 3 154
t 839 4 701
t 839 5 141
t 840 0 521
t 840 1 154
t 840 2 235
t 840 3 154
t 840 4 701
t 840 5 141
t 841 0 842
t 841 1 860
t 841 2 870
t 841 3 878
t 841 4 886
t 841 5 923
t 842 0 843
t 842 1 853
t 842 2 856
t 842 3 325
t 842 4 327
t 842 5 341
t 843 0 844
t 843 1 848
t 843 2 850
t 843 4 101
t 843 5 106
t 844 0 845
t 844 1 846
t 844 2 847
t 844 4 44
t 844 5 46
t 845 0 21
t 845 1 12
t 845 2 21
t 845 4 6
t 845 5 19
t 846 2 21
t 846 4 6
t 846 5 29
t 847 0 21
t 847 1 50
t 847 2 21
t 847 4 6
t 847 5 37
t 848 2 849
t 848 4 69
t 848 5 71
t 849 0 21
t 849 1 50
t 849 2 21
t 849 4 6
t 849 5 63
t 850 0 851
t 850 1 852
t 850 2 847
t 850 4 85
t 850 5 87
t 851 0 21
t 851 1 12
t 851 2 21
t 851 4 6
t 851 5 37
t 852 0 50
t 852 2 21
t 852 4 6
t 852 5 63
t 853 0 320
t 853 1 312
t 853 2 854
t 853 3 159
t 853 4 204
t 853 5 209
t 854 0 855
t 854 1 852
t 854 2 849
t 854 3 156
t 854 4 185
t 854 5 186
t 855 0 21
t 855 1 12
t 855 2 21
t 855 4 6
t 855 5 63
t 856 0 857
t 856 1 859
t 856 2 850
t 856 3 272
t 856 4 275
t 856 5 278
t 857 0 851
t 857 1 858
t 857 2 847
t 857 4 85
t 857 5 87
t 858 2 21
t 858 4 6
t 858 5 63
t 859 0 852
t 859 1 198
t 859 2 849
t 859 3 156
t 859 4 185
t 859 5 186
t 860 0 861
t 860 1 555
t 860 2 864
t 860 3 474
t 860 4 561
t 860 5 582
t 861 0 862
t 861 1 312
t 861 2 854
t 861 3 159
t 861 4 204
t 861 5 209
t 862 0 863
t 862 2 849
t 862 4 69
t 862 5 71
t 863 0 50
t 863 2 21
t 863 4 6
t 863 5 29
t 864 0 865
t 864 1 866
t 864 2 868
t 864 3 469
t 864 4 513
t 864 5 519
t 865 0 855
t 865 1 858
t 865 2 849
t 865 3 156
t 865 4 185
t 865 5 186
t 866 0 852
t 866 2 867
t 866 4 497
t 866 5 499
t 867 0 21
t 867 1 50
t 867 2 21
t 867 4 6
t 867 5 491
t 868 0 855
t 868 1 869
t 868 2 867
t 868 4 497
t 868 5 499
t 869 0 50
t 869 2 21
t 869 4 6
t 869 5 491
t 870 0 871
t 870 1 873
t 870 2 875
t 870 3 753
t 870 4 755
t 870 5 764
t 871 0 857
t 871 1 872
t 871 2 850
t 871 3 272
t 871 4 275
t 871 5 278
t 872 0 203
t 872 1 164
t 872 2 849
t 872 3 156
t 872 4 185
t 872 5 186
t 873 0 874
t 873 1 477
t 873 2 868
t 873 3 469
t 873 4 513
t 873 5 519
t 874 0 852
t 874 1 164
t 874 2 849
t 874 3 156
t 874 4 185
t 874 5 186
t 875 0 857
t 875 1 866
t 875 2 876
t 875 4 722
t 875 5 725
t 876 0 851
t 876 1 869
t 876 2 877
t 876 4 709
t 876 5 711
t 877 0 21
t 877 1 50
t 877 2 21
t 877 4 6
t 877 5 703
t 878 0 311
t 878 1 555
t 878 2 748
t 878 3 879
t 878 4 881
t 878 5 451
t 879 0 326
t 879 1 475
t 879 2 754
t 879 3 349
t 879 4 880
t 879 5 168
t 880 0 433
t 880 1 674
t 880 2 750
t 880 5 153
t 881 0 882
t 881 1 884
t 881 2 751
t 881 5 168
t 882 1 883
t 882 2 267
t 882 5 153
t 883 0 231
t 883 1 176
t 883 2 157
t 883 5 141
t 884 0 885
t 884 1 674
t 884 2 471
t 884 5 153
t 885 1 176
t 885 2 157
t 885 5 141
t 886 0 887
t 886 1 892
t 886 2 896
t 886 3 901
t 886 4 910
t 886 5 912
t 887 0 328
t 887 1 888
t 887 2 890
t 887 3 362
t 887 4 101
t 887 5 337
t 888 0 885
t 888 1 883
t 888 2 889
t 888 3 358
t 888 4 69
t 888 5 207
t 889 0 6
t 889 1 15
t 889 2 6
t 889 3 26
t 889 4 6
t 889 5 141
t 890 0 335
t 890 1 891
t 890 2 330
t 890 3 361
t 890 4 85
t 890 5 153
t 891 0 15
t 891 1 265
t 891 2 6
t 891 3 26
t 891 4 6
t 891 5 141
t 892 0 893
t 892 1 884
t 892 2 894
t 892 3 604
t 892 4 575
t 892 5 578
t 893 0 332
t 893 1 883
t 893 2 889
t 893 3 358
t 893 4 69
t 893 5 207
t 894 0 895
t 894 1 572
t 894 2 565
t 894 3 603
t 894 4 497
t 894 5 517
t 895 0 6
t 895 1 8
t 895 2 6
t 895 3 26
t 895 4 6
t 895 5 141
t 896 0 897
t 896 1 899
t 896 2 760
t 896 3 787
t 896 4 722
t 896 5 761
t 897 0 335
t 897 1 898
t 897 2 330
t 897 3 361
t 897 4 85
t 897 5 153
t 898 0 265
t 898 1 300
t 898 2 6
t 898 3 26
t 898 4 6
t 898 5 141
t 899 0 900
t 899 1 750
t 899 2 565
t 899 3 603
t 899 4 497
t 899 5 517
t 900 0 15
t 900 1 300
t 900 2 6
t 900 3 26
t 900 4 6
t 900 5 141
t 901 0 383
t 901 1 621
t 901 2 731
t 901 4 902
t 901 5 907
t 902 0 102
t 902 1 576
t 902 2 723
t 902 3 903
t 902 4 905
t 902 5 906
t 903 0 21
t 903 1 50
t 903 2 21
t 903 4 6
t 903 5 904
t 904 0 7
t 904 1 7
t 904 2 7
t 905 0 6
t 905 1 15
t 905 2 6
t 905 3 21
t 905 4 6
t 905 5 904
t 906 0 904
t 906 1 567
t 906 2 904
t 907 0 908
t 907 1 909
t 907 2 906
t 908 0 904
t 908 1 70
t 908 2 904
t 909 0 567
t 909 2 904
t 910 0 328
t 910 1 564
t 910 2 760
t 910 3 911
t 910 4 902
t 910 5 907
t 911 0 123
t 911 1 574
t 911 2 714
t 911 4 905
t 911 5 906
t 912 0 913
t 912 1 917
t 912 2 920
t 912 3 349
t 912 4 399
t 912 5 168
t 913 0 908
t 913 1 914
t 913 2 916
t 913 3 230
t 913 4 232
t 913 5 153
t 914 0 146
t 914 1 141
t 914 2 915
t 914 3 141
t 914 4 144
t 914 5 141
t 915 0 7
t 915 1 7
t 915 2 7
t 915 3 142
t 915 4 142
t 915 5 142
t 916 0 904
t 916 1 580
t 916 2 904
t 916 3 141
t 916 4 229
t 916 5 141
t 917 0 918
t 917 1 171
t 917 2 919
t 917 3 236
t 917 4 238
t 917 5 153
t 918 0 567
t 918 1 141
t 918 2 915
t 918 3 141
t 918 4 144
t 918 5 141
t 919 0 915
t 919 1 567
t 919 2 904
t 919 3 141
t 919 4 235
t 919 5 141
t 920 0 921
t 920 1 922
t 920 2 906
t 920 3 299
t 920 4 301
t 920 5 153
t 921 0 904
t 921 1 208
t 921 2 904
t 921 3 141
t 921 4 229
t 921 5 141
t 922 0 580
t 922 1 150
t 922 2 904
t 922 3 141
t 922 4 235
t 922 5 141
t 923 0 924
t 923 1 940
t 923 2 949
t 923 3 879
t 923 4 958
t 923 5 451
t 924 0 925
t 924 1 930
t 924 2 934
t 924 3 315
t 924 4 937
t 924 5 168
t 925 0 926
t 925 1 928
t 925 2 929
t 925 4 929
t 926 0 927
t 926 1 29
t 926 2 927
t 926 4 927
t 927 0 7
t 927 1 7
t 927 2 7
t 927 4 7
t 928 2 927
t 928 4 927
t 929 0 927
t 929 1 585
t 929 2 927
t 929 4 927
t 930 0 140
t 930 1 145
t 930 2 931
t 930 3 149
t 930 4 933
t 930 5 153
t 931 0 927
t 931 1 585
t 931 2 927
t 931 3 141
t 931 4 932
t 931 5 141
t 932 0 7
t 932 1 7
t 932 2 7
t 932 3 142
t 932 4 7
t 932 5 142
t 933 0 927
t 933 1 585
t 933 2 932
t 933 3 144
t 933 4 927
t 933 5 141
t 934 0 926
t 934 1 935
t 934 2 929
t 934 3 266
t 934 4 936
t 934 5 153
t 935 0 585
t 935 1 161
t 935 2 927
t 935 3 141
t 935 4 932
t 935 5 141
t 936 0 927
t 936 1 587
t 936 2 927
t 936 3 229
t 936 4 927
t 936 5 141
t 937 0 926
t 937 1 938
t 937 2 939
t 937 3 232
t 937 4 929
t 937 5 153
t 938 0 585
t 938 1 170
t 938 2 932
t 938 3 170
t 938 4 927
t 938 5 141
t 939 0 927
t 939 1 587
t 939 2 927
t 939 3 170
t 939 4 927
t 939 5 141
t 940 0 941
t 940 1 233
t 940 2 943
t 940 3 463
t 940 4 946
t 940 5 168
t 941 0 942
t 941 1 145
t 941 2 931
t 941 3 149
t 941 4 933
t 941 5 153
t 942 0 585
t 942 2 927
t 942 4 927
t 943 0 944
t 943 1 942
t 943 2 929
t 943 3 460
t 943 4 945
t 943 5 153
t 944 0 927
t 944 1 29
t 944 2 927
t 944 3 141
t 944 4 932
t 944 5 141
t 945 0 932
t 945 1 585
t 945 2 927
t 945 3 235
t 945 4 927
t 945 5 141
t 946 0 947
t 946 1 942
t 946 2 948
t 946 3 238
t 946 4 929
t 946 5 153
t 947 0 927
t 947 1 29
t 947 2 932
t 947 3 172
t 947 4 927
t 947 5 141
t 948 0 932
t 948 1 585
t 948 2 927
t 948 3 172
t 948 4 927
t 948 5 141
t 949 0 950
t 949 1 952
t 949 2 954
t 949 3 749
t 949 4 955
t 949 5 168
t 950 0 926
t 950 1 951
t 950 2 929
t 950 3 266
t 950 4 936
t 950 5 153
t 951 0 161
t 951 1 150
t 951 2 927
t 951 3 141
t 951 4 932
t 951 5 141
t 952 0 953
t 952 1 241
t 952 2 929
t 952 3 460
t 952 4 945
t 952 5 153
t 953 0 585
t 953 1 150
t 953 2 927
t 953 3 141
t 953 4 932
t 953 5 141
t 954 0 926
t 954 1 942
t 954 2 929
t 954 4 929
t 955 0 956
t 955 1 957
t 955 2 929
t 955 3 301
t 955 4 929
t 955 5 153
t 956 0 927
t 956 1 211
t 956 2 927
t 956 3 174
t 956 4 927
t 956 5 141
t 957 0 587
t 957 1 174
t 957 2 927
t 957 3 174
t 957 4 927
t 957 5 141
t 958 0 959
t 958 1 962
t 958 2 965
t 958 3 399
t 958 4 954
t 958 5 168
t 959 0 926
t 959 1 960
t 959 2 961
t 959 3 177
t 959 4 929
t 959 5 153
t 960 0 170
t 960 1 154
t 960 2 932
t 960 3 154
t 960 4 927
t 960 5 141
t 961 0 927
t 961 1 587
t 961 2 927
t 961 3 154
t 961 4 927
t 961 5 141
t 962 0 963
t 962 1 252
t 962 2 964
t 962 3 177
t 962 4 929
t 962 5 153
t 963 0 585
t 963 1 154
t 963 2 932
t 963 3 154
t 963 4 927
t 963 5 141
t 964 0 932
t 964 1 585
t 964 2 927
t 964 3 154
t 964 4 927
t 964 5 141
t 965 0 966
t 965 1 967
t 965 2 929
t 965 3 177
t 965 4 929
t 965 5 153
t 966 0 927
t 966 1 211
t 966 2 927
t 966 3 154
t 966 4 927
t 966 5 141
t 967 0 587
t 967 1 174
t 967 2 927
t 967 3 154
t 967 4 927
t 967 5 141
t 968 0 969
t 968 1 987
t 968 2 1000
t 968 3 1010
t 968 4 1026
t 968 5 1046
t 969 0 355
t 969 1 970
t 969 2 978
t 969 3 982
t 969 4 108
t 969 5 390
t 970 0 971
t 970 1 973
t 970 2 974
t 970 3 976
t 970 4 72
t 970 5 223
t 971 1 438
t 971 2 972
t 971 3 177
t 971 5 153
t 972 3 154
t 972 5 141
t 973 0 441
t 973 1 438
t 973 2 972
t 973 3 177
t 973 5 153
t 974 0 370
t 974 1 360
t 974 2 357
t 974 3 975
t 974 4 64
t 974 5 153
t 975 0 170
t 975 1 154
t 975 2 174
t 975 3 154
t 975 4 6
t 975 5 141
t 976 0 251
t 976 1 252
t 976 2 977
t 976 3 177
t 976 4 69
t 976 5 207
t 977 0 229
t 977 1 174
t 977 2 12
t 977 3 154
t 977 4 6
t 977 5 141
t 978 0 375
t 978 1 979
t 978 2 359
t 978 3 980
t 978 4 88
t 978 5 168
t 979 0 360
t 979 1 439
t 979 2 357
t 979 3 975
t 979 4 64
t 979 5 153
t 980 0 251
t 980 1 981
t 980 2 308
t 980 3 177
t 980 4 85
t 980 5 153
t 981 0 170
t 981 1 154
t 981 2 235
t 981 3 154
t 981 4 6
t 981 5 141
t 982 0 437
t 982 1 983
t 982 2 985
t 982 3 399
t 982 4 101
t 982 5 337
t 983 0 441
t 983 1 252
t 983 2 984
t 983 3 177
t 983 4 69
t 983 5 207
t 984 0 148
t 984 1 12
t 984 2 9
t 984 3 154
t 984 4 6
t 984 5 141
t 985 0 445
t 985 1 986
t 985 2 285
t 985 3 177
t 985 4 85
t 985 5 153
t 986 0 229
t 986 1 174
t 986 2 9
t 986 3 154
t 986 4 6
t 986 5 141
t 987 0 988
t 987 1 989
t 987 2 991
t 987 3 995
t 987 4 624
t 987 5 626
t 988 0 365
t 988 1 973
t 988 2 974
t 988 3 976
t 988 4 72
t 988 5 223
t 989 0 971
t 989 1 680
t 989 2 990
t 989 3 399
t 989 5 168
t 990 0 972
t 990 3 177
t 990 5 153
t 991 0 992
t 991 1 615
t 991 2 602
t 991 3 993
t 991 4 500
t 991 5 535
t 992 0 370
t 992 1 376
t 992 2 357
t 992 3 975
t 992 4 64
t 992 5 153
t 993 0 994
t 993 1 252
t 993 2 308
t 993 3 177
t 993 4 497
t 993 5 517
t 994 0 116
t 994 1 154
t 994 2 229
t 994 3 154
t 994 4 6
t 994 5 141
t 995 0 996
t 995 1 680
t 995 2 998
t 995 3 399
t 995 4 575
t 995 5 578
t 996 0 117
t 996 1 438
t 996 2 997
t 996 3 177
t 996 4 69
t 996 5 207
t 997 0 50
t 997 1 229
t 997 2 50
t 997 3 154
t 997 4 6
t 997 5 141
t 998 0 999
t 998 1 308
t 998 2 528
t 998 3 177
t 998 4 497
t 998 5 517
t 999 0 50
t 999 1 174
t 999 2 50
t 999 3 154
t 999 4 6
t 999 5 141
t 1000 0 1001
t 1000 1 1003
t 1000 2 786
t 1000 3 1005
t 1000 4 728
t 1000 5 793
t 1001 0 375
t 1001 1 1002
t 1001 2 359
t 1001 3 980
t 1001 4 88
t 1001 5 168
t 1002 0 445
t 1002 1 308
t 1002 2 357
t 1002 3 975
t 1002 4 64
t 1002 5 153
t 1003 0 1004
t 1003 1 837
t 1003 2 602
t 1003 3 993
t 1003 4 500
t 1003 5 535
t 1004 0 360
t 1004 1 308
t 1004 2 357
t 1004 3 975
t 1004 4 64
t 1004 5 153
t 1005 0 1006
t 1005 1 1008
t 1005 2 837
t 1005 3 399
t 1005 4 722
t 1005 5 761
t 1006 0 380
t 1006 1 1007
t 1006 2 439
t 1006 3 177
t 1006 4 85
t 1006 5 153
t 1007 0 170
t 1007 1 154
t 1007 2 148
t 1007 3 154
t 1007 4 6
t 1007 5 141
t 1008 0 1009
t 1008 1 252
t 1008 2 681
t 1008 3 177
t 1008 4 497
t 1008 5 517
t 1009 0 116
t 1009 1 154
t 1009 2 148
t 1009 3 154
t 1009 4 6
t 1009 5 141
t 1010 0 1011
t 1010 1 1016
t 1010 2 1020
t 1010 3 1025
t 1010 4 910
t 1010 5 912
t 1011 0 383
t 1011 1 1012
t 1011 2 1014
t 1011 3 399
t 1011 4 101
t 1011 5 337
t 1012 0 441
t 1012 1 438
t 1012 2 1013
t 1012 3 177
t 1012 4 69
t 1012 5 207
t 1013 0 21
t 1013 1 50
t 1013 2 21
t 1013 3 154
t 1013 4 6
t 1013 5 141
t 1014 0 291
t 1014 1 1015
t 1014 2 91
t 1014 3 177
t 1014 4 85
t 1014 5 153
t 1015 0 50
t 1015 1 229
t 1015 2 21
t 1015 3 154
t 1015 4 6
t 1015 5 141
t 1016 0 1017
t 1016 1 680
t 1016 2 1018
t 1016 3 399
t 1016 4 575
t 1016 5 578
t 1017 0 124
t 1017 1 438
t 1017 2 1013
t 1017 3 177
t 1017 4 69
t 1017 5 207
t 1018 0 1019
t 1018 1 534
t 1018 2 503
t 1018 3 177
t 1018 4 497
t 1018 5 517
t 1019 0 21
t 1019 1 12
t 1019 2 21
t 1019 3 154
t 1019 4 6
t 1019 5 141
t 1020 0 1021
t 1020 1 1023
t 1020 2 731
t 1020 3 399
t 1020 4 722
t 1020 5 761
t 1021 0 291
t 1021 1 1022
t 1021 2 91
t 1021 3 177
t 1021 4 85
t 1021 5 153
t 1022 0 229
t 1022 1 174
t 1022 2 21
t 1022 3 154
t 1022 4 6
t 1022 5 141
t 1023 0 1024
t 1023 1 308
t 1023 2 503
t 1023 3 177
t 1023 4 497
t 1023 5 517
t 1024 0 50
t 1024 1 174
t 1024 2 21
t 1024 3 154
t 1024 4 6
t 1024 5 141
t 1025 0 437
t 1025 1 680
t 1025 2 837
t 1025 3 399
t 1025 5 168
t 1026 0 355
t 1026 1 601
t 1026 2 786
t 1026 3 901
t 1026 4 1027
t 1026 5 1036
t 1027 0 109
t 1027 1 625
t 1027 2 729
t 1027 3 911
t 1027 4 1028
t 1027 5 1032
t 1028 0 48
t 1028 1 606
t 1028 2 713
t 1028 3 903
t 1028 4 1029
t 1028 5 1031
t 1029 0 6
t 1029 1 15
t 1029 2 6
t 1029 3 21
t 1029 4 6
t 1029 5 1030
t 1030 0 7
t 1030 1 7
t 1030 2 7
t 1030 3 7
t 1031 0 1030
t 1031 1 607
t 1031 2 1030
t 1031 3 904
t 1032 0 1033
t 1032 1 1034
t 1032 2 1035
t 1032 3 906
t 1033 0 1030
t 1033 1 31
t 1033 2 1030
t 1033 3 45
t 1034 0 607
t 1034 2 1030
t 1034 3 567
t 1035 0 1030
t 1035 1 607
t 1035 2 1030
t 1035 3 710
t 1036 0 1037
t 1036 1 1040
t 1036 2 1043
t 1036 3 907
t 1037 0 1033
t 1037 1 1038
t 1037 2 1039
t 1037 3 105
t 1038 2 1030
t 1038 3 70
t 1039 0 1030
t 1039 1 607
t 1039 2 1030
t 1039 3 86
t 1040 0 1041
t 1040 2 1042
t 1040 3 569
t 1041 0 607
t 1041 2 1030
t 1041 3 70
t 1042 0 1030
t 1042 1 607
t 1042 2 1030
t 1042 3 498
t 1043 0 1044
t 1043 1 1045
t 1043 2 1035
t 1043 3 724
t 1044 0 1030
t 1044 1 31
t 1044 2 1030
t 1044 3 86
t 1045 0 607
t 1045 2 1030
t 1045 3 498
t 1046 0 1047
t 1046 1 1056
t 1046 2 1064
t 1046 3 1072
t 1046 4 1025
t 1046 5 451
t 1047 0 1037
t 1047 1 1048
t 1047 2 1051
t 1047 3 1053
t 1047 4 389
t 1047 5 168
t 1048 0 140
t 1048 1 145
t 1048 2 1049
t 1048 3 1050
t 1048 4 152
t 1048 5 153
t 1049 0 1030
t 1049 1 607
t 1049 2 1030
t 1049 3 141
t 1049 4 148
t 1049 5 141
t 1050 0 146
t 1050 1 141
t 1050 2 208
t 1050 3 141
t 1050 4 151
t 1050 5 141
t 1051 0 1044
t 1051 1 1052
t 1051 2 1039
t 1051 3 266
t 1051 4 288
t 1051 5 153
t 1052 0 607
t 1052 1 161
t 1052 2 1030
t 1052 3 141
t 1052 4 148
t 1052 5 141
t 1053 0 246
t 1053 1 1054
t 1053 2 1055
t 1053 3 230
t 1053 4 316
t 1053 5 153
t 1054 0 146
t 1054 1 141
t 1054 2 339
t 1054 3 141
t 1054 4 151
t 1054 5 141
t 1055 0 161
t 1055 1 208
t 1055 2 45
t 1055 3 141
t 1055 4 265
t 1055 5 141
t 1056 0 1057
t 1056 1 233
t 1056 2 1058
t 1056 3 1061
t 1056 4 466
t 1056 5 168
t 1057 0 1041
t 1057 1 145
t 1057 2 1049
t 1057 3 1050
t 1057 4 152
t 1057 5 153
t 1058 0 1059
t 1058 1 1045
t 1058 2 1042
t 1058 3 1060
t 1058 4 462
t 1058 5 153
t 1059 0 1030
t 1059 1 31
t 1059 2 1030
t 1059 3 141
t 1059 4 148
t 1059 5 141
t 1060 0 518
t 1060 1 141
t 1060 2 150
t 1060 3 141
t 1060 4 461
t 1060 5 141
t 1061 0 1062
t 1061 1 247
t 1061 2 1063
t 1061 3 236
t 1061 4 465
t 1061 5 153
t 1062 0 567
t 1062 1 141
t 1062 2 580
t 1062 3 141
t 1062 4 151
t 1062 5 141
t 1063 0 580
t 1063 1 150
t 1063 2 567
t 1063 3 141
t 1063 4 461
t 1063 5 141
t 1064 0 1065
t 1064 1 1067
t 1064 2 1043
t 1064 3 1069
t 1064 4 783
t 1064 5 168
t 1065 0 1044
t 1065 1 1066
t 1065 2 1039
t 1065 3 266
t 1065 4 288
t 1065 5 153
t 1066 0 161
t 1066 1 150
t 1066 2 1030
t 1066 3 141
t 1066 4 148
t 1066 5 141
t 1067 0 1068
t 1067 1 241
t 1067 2 1042
t 1067 3 1060
t 1067 4 462
t 1067 5 153
t 1068 0 607
t 1068 1 150
t 1068 2 1030
t 1068 3 141
t 1068 4 148
t 1068 5 141
t 1069 0 1070
t 1069 1 1071
t 1069 2 304
t 1069 3 299
t 1069 4 750
t 1069 5 153
t 1070 0 710
t 1070 1 141
t 1070 2 161
t 1070 3 141
t 1070 4 265
t 1070 5 141
t 1071 0 518
t 1071 1 141
t 1071 2 163
t 1071 3 141
t 1071 4 461
t 1071 5 141
t 1072 0 1073
t 1072 1 1076
t 1072 2 1079
t 1072 3 349
t 1072 4 880
t 1072 5 168
t 1073 0 908
t 1073 1 1074
t 1073 2 1075
t 1073 3 230
t 1073 4 316
t 1073 5 153
t 1074 0 146
t 1074 1 141
t 1074 2 915
t 1074 3 141
t 1074 4 151
t 1074 5 141
t 1075 0 904
t 1075 1 580
t 1075 2 904
t 1075 3 141
t 1075 4 265
t 1075 5 141
t 1076 0 1077
t 1076 1 247
t 1076 2 1078
t 1076 3 236
t 1076 4 465
t 1076 5 153
t 1077 0 567
t 1077 1 141
t 1077 2 915
t 1077 3 141
t 1077 4 151
t 1077 5 141
t 1078 0 915
t 1078 1 567
t 1078 2 904
t 1078 3 141
t 1078 4 461
t 1078 5 141
t 1079 0 1080
t 1079 1 1081
t 1079 2 906
t 1079 3 299
t 1079 4 750
t 1079 5 153
t 1080 0 904
t 1080 1 208
t 1080 2 904
t 1080 3 141
t 1080 4 265
t 1080 5 141
t 1081 0 580
t 1081 1 150
t 1081 2 904
t 1081 3 141
t 1081 4 461
t 1081 5 141
t 1082 0 1083
t 1082 1 1147
t 1082 2 1184
t 1082 3 1212
t 1082 4 1240
t 1082 5 1278
t 1083 0 1084
t 1083 1 1105
t 1083 2 1117
t 1083 3 1127
t 1083 4 1135
t 1083 5 451
t 1084 0 1085
t 1084 1 1092
t 1084 2 1095
t 1084 3 1099
t 1084 4 1101
t 1085 0 1086
t 1085 1 1088
t 1085 2 1089
t 1085 3 1090
t 1085 4 1091
t 1086 0 1087
t 1086 1 13
t 1086 2 1087
t 1086 3 19
t 1086 4 1087
t 1087 0 7
t 1087 1 7
t 1087 2 7
t 1087 3 7
t 1087 4 7
t 1088 2 1087
t 1088 3 29
t 1088 4 1087
t 1089 0 1087
t 1089 1 640
t 1089 2 1087
t 1089 3 37
t 1089 4 1087
t 1090 1 29
t 1090 2 19
t 1090 4 1087
t 1091 0 1087
t 1091 1 640
t 1091 2 1087
t 1091 3 927
t 1091 4 1087
t 1092 2 1093
t 1092 3 1094
t 1092 4 1091
t 1093 0 1087
t 1093 1 640
t 1093 2 1087
t 1093 3 63
t 1093 4 1087
t 1094 2 29
t 1094 4 1087
t 1095 0 1096
t 1095 1 1097
t 1095 2 1089
t 1095 3 1098
t 1095 4 1091
t 1096 0 1087
t 1096 1 13
t 1096 2 1087
t 1096 3 37
t 1096 4 1087
t 1097 0 640
t 1097 2 1087
t 1097 3 63
t 1097 4 1087
t 1098 1 63
t 1098 4 1087
t 1099 1 1100
t 1099 2 1090
t 1099 4 1091
t 1100 2 19
t 1100 4 1087
t 1101 0 1086
t 1101 1 1102
t 1101 2 1103
t 1101 3 1104
t 1101 4 1091
t 1102 0 640
t 1102 2 1087
t 1102 3 585
t 1102 4 1087
t 1103 0 1087
t 1103 1 640
t 1103 2 1087
t 1103 3 703
t 1103 4 1087
t 1104 0 927
t 1104 1 585
t 1104 2 927
t 1104 4 1087
t 1105 0 179
t 1105 1 139
t 1105 2 1106
t 1105 3 1111
t 1105 4 1114
t 1105 5 168
t 1106 0 1107
t 1106 1 1097
t 1106 2 1093
t 1106 3 1108
t 1106 4 1110
t 1106 5 153
t 1107 0 1087
t 1107 1 13
t 1107 2 1087
t 1107 3 63
t 1107 4 1087
t 1108 0 146
t 1108 1 141
t 1108 2 150
t 1108 3 141
t 1108 4 1109
t 1108 5 141
t 1109 0 7
t 1109 1 7
t 1109 2 7
t 1109 3 7
t 1109 4 7
t 1109 5 142
t 1110 0 1087
t 1110 1 640
t 1110 2 1087
t 1110 3 932
t 1110 4 1087
t 1110 5 141
t 1111 0 160
t 1111 1 162
t 1111 2 1112
t 1111 3 149
t 1111 4 1113
t 1111 5 153
t 1112 0 161
t 1112 1 150
t 1112 2 29
t 1112 3 141
t 1112 4 1109
t 1112 5 141
t 1113 0 1087
t 1113 1 640
t 1113 2 1109
t 1113 3 927
t 1113 4 1087
t 1113 5 141
t 1114 0 1086
t 1114 1 1102
t 1114 2 1115
t 1114 3 1116
t 1114 4 1091
t 1114 5 153
t 1115 0 1087
t 1115 1 640
t 1115 2 1087
t 1115 3 767
t 1115 4 1087
t 1115 5 141
t 1116 0 927
t 1116 1 585
t 1116 2 932
t 1116 3 144
t 1116 4 1087
t 1116 5 141
t 1117 0 1118
t 1117 1 1120
t 1117 2 1095
t 1117 3 1121
t 1117 4 1124
t 1117 5 168
t 1118 0 1096
t 1118 1 1119
t 1118 2 1089
t 1118 3 1098
t 1118 4 1091
t 1119 2 1087
t 1119 3 63
t 1119 4 1087
t 1120 0 1097
t 1120 1 260
t 1120 2 1093
t 1120 3 1108
t 1120 4 1110
t 1120 5 153
t 1121 0 273
t 1121 1 1122
t 1121 2 274
t 1121 3 266
t 1121 4 1123
t 1121 5 153
t 1122 0 146
t 1122 1 141
t 1122 2 163
t 1122 3 141
t 1122 4 1109
t 1122 5 141
t 1123 0 1087
t 1123 1 646
t 1123 2 1087
t 1123 3 927
t 1123 4 1087
t 1123 5 141
t 1124 0 1086
t 1124 1 1125
t 1124 2 1103
t 1124 3 1126
t 1124 4 1091
t 1124 5 153
t 1125 0 640
t 1125 1 229
t 1125 2 1087
t 1125 3 587
t 1125 4 1087
t 1125 5 141
t 1126 0 927
t 1126 1 587
t 1126 2 927
t 1126 3 229
t 1126 4 1087
t 1126 5 141
t 1127 0 326
t 1127 1 1128
t 1127 2 1130
t 1127 3 315
t 1127 4 1132
t 1127 5 168
t 1128 0 200
t 1128 1 162
t 1128 2 1129
t 1128 3 149
t 1128 4 1113
t 1128 5 153
t 1129 0 143
t 1129 1 29
t 1129 2 19
t 1129 3 141
t 1129 4 1109
t 1129 5 141
t 1130 0 271
t 1130 1 1131
t 1130 2 1090
t 1130 3 266
t 1130 4 1123
t 1130 5 153
t 1131 0 161
t 1131 1 150
t 1131 2 19
t 1131 3 141
t 1131 4 1109
t 1131 5 141
t 1132 0 1086
t 1132 1 1133
t 1132 2 1134
t 1132 3 1104
t 1132 4 1091
t 1132 5 153
t 1133 0 640
t 1133 1 231
t 1133 2 1109
t 1133 3 585
t 1133 4 1087
t 1133 5 141
t 1134 0 1087
t 1134 1 646
t 1134 2 1087
t 1134 3 703
t 1134 4 1087
t 1134 5 141
t 1135 0 1085
t 1135 1 1136
t 1135 2 1140
t 1135 3 1143
t 1135 4 1101
t 1135 5 168
t 1136 0 1137
t 1136 1 367
t 1136 2 1138
t 1136 3 1139
t 1136 4 1091
t 1136 5 153
t 1137 0 640
t 1137 2 1087
t 1137 3 29
t 1137 4 1087
t 1138 0 1087
t 1138 1 640
t 1138 2 1087
t 1138 3 521
t 1138 4 1087
t 1138 5 141
t 1139 0 585
t 1139 1 170
t 1139 2 587
t 1139 3 170
t 1139 4 1087
t 1139 5 141
t 1140 0 1096
t 1140 1 1141
t 1140 2 1103
t 1140 3 1142
t 1140 4 1091
t 1140 5 153
t 1141 0 640
t 1141 1 229
t 1141 2 1087
t 1141 3 521
t 1141 4 1087
t 1141 5 141
t 1142 0 703
t 1142 1 521
t 1142 2 229
t 1142 3 170
t 1142 4 1087
t 1142 5 141
t 1143 0 1144
t 1143 1 1145
t 1143 2 1146
t 1143 3 232
t 1143 4 1091
t 1143 5 153
t 1144 0 927
t 1144 1 29
t 1144 2 927
t 1144 4 1087
t 1145 0 585
t 1145 1 170
t 1145 2 932
t 1145 3 170
t 1145 4 1087
t 1145 5 141
t 1146 0 927
t 1146 1 587
t 1146 2 927
t 1146 3 170
t 1146 4 1087
t 1146 5 141
t 1147 0 1148
t 1147 1 458
t 1147 2 1150
t 1147 3 1163
t 1147 4 1172
t 1147 5 451
t 1148 0 1149
t 1148 1 139
t 1148 2 1106
t 1148 3 1111
t 1148 4 1114
t 1148 5 168
t 1149 0 1137
t 1149 2 1093
t 1149 3 1094
t 1149 4 1091
t 1150 0 1151
t 1150 1 1152
t 1150 2 1155
t 1150 3 1157
t 1150 4 1160
t 1150 5 168
t 1151 0 1107
t 1151 1 1119
t 1151 2 1093
t 1151 3 1108
t 1151 4 1110
t 1151 5 153
t 1152 0 1097
t 1152 2 1153
t 1152 3 1154
t 1152 4 1091
t 1153 0 1087
t 1153 1 640
t 1153 2 1087
t 1153 3 491
t 1153 4 1087
t 1154 0 491
t 1154 4 1087
t 1155 0 1107
t 1155 1 1156
t 1155 2 1153
t 1155 3 1154
t 1155 4 1091
t 1156 0 640
t 1156 2 1087
t 1156 3 491
t 1156 4 1087
t 1157 0 1158
t 1157 1 470
t 1157 2 464
t 1157 3 460
t 1157 4 1159
t 1157 5 153
t 1158 0 491
t 1158 1 141
t 1158 2 161
t 1158 3 141
t 1158 4 1109
t 1158 5 141
t 1159 0 1109
t 1159 1 640
t 1159 2 1087
t 1159 3 927
t 1159 4 1087
t 1159 5 141
t 1160 0 1161
t 1160 1 1102
t 1160 2 1103
t 1160 3 1162
t 1160 4 1091
t 1160 5 153
t 1161 0 1087
t 1161 1 13
t 1161 2 1087
t 1161 3 344
t 1161 4 1087
t 1161 5 141
t 1162 0 932
t 1162 1 585
t 1162 2 927
t 1162 3 235
t 1162 4 1087
t 1162 5 141
t 1163 0 1164
t 1163 1 475
t 1163 2 1167
t 1163 3 463
t 1163 4 1169
t 1163 5 168
t 1164 0 1165
t 1164 1 197
t 1164 2 1166
t 1164 3 149
t 1164 4 1113
t 1164 5 153
t 1165 0 585
t 1165 2 585
t 1165 4 1087
t 1166 0 585
t 1166 1 161
t 1166 2 585
t 1166 3 141
t 1166 4 1109
t 1166 5 141
t 1167 0 1168
t 1167 1 464
t 1167 2 1165
t 1167 3 460
t 1167 4 1159
t 1167 5 153
t 1168 0 585
t 1168 1 150
t 1168 2 585
t 1168 3 141
t 1168 4 1109
t 1168 5 141
t 1169 0 1170
t 1169 1 1102
t 1169 2 1171
t 1169 3 1104
t 1169 4 1091
t 1169 5 153
t 1170 0 1087
t 1170 1 13
t 1170 2 1109
t 1170 3 19
t 1170 4 1087
t 1170 5 141
t 1171 0 1109
t 1171 1 640
t 1171 2 1087
t 1171 3 703
t 1171 4 1087
t 1171 5 141
t 1172 0 1173
t 1172 1 1176
t 1172 2 1177
t 1172 3 1180
t 1172 4 1101
t 1172 5 168
t 1173 0 1086
t 1173 1 1088
t 1173 2 1174
t 1173 3 1175
t 1173 4 1091
t 1173 5 153
t 1174 0 1087
t 1174 1 640
t 1174 2 1087
t 1174 3 280
t 1174 4 1087
t 1174 5 141
t 1175 0 144
t 1175 1 29
t 1175 2 344
t 1175 3 172
t 1175 4 1087
t 1175 5 141
t 1176 0 1137
t 1176 2 1153
t 1176 3 1165
t 1176 4 1091
t 1177 0 1178
t 1177 1 1156
t 1177 2 1103
t 1177 3 1179
t 1177 4 1091
t 1177 5 153
t 1178 0 1087
t 1178 1 13
t 1178 2 1087
t 1178 3 280
t 1178 4 1087
t 1178 5 141
t 1179 0 767
t 1179 1 491
t 1179 2 235
t 1179 3 172
t 1179 4 1087
t 1179 5 141
t 1180 0 1181
t 1180 1 1182
t 1180 2 1183
t 1180 3 238
t 1180 4 1091
t 1180 5 153
t 1181 0 927
t 1181 1 29
t 1181 2 932
t 1181 3 172
t 1181 4 1087
t 1181 5 141
t 1182 0 585
t 1182 2 927
t 1182 4 1087
t 1183 0 932
t 1183 1 585
t 1183 2 927
t 1183 3 172
t 1183 4 1087
t 1183 5 141
t 1184 0 1185
t 1184 1 1187
t 1184 2 1189
t 1184 3 1194
t 1184 4 1202
t 1184 5 451
t 1185 0 1118
t 1185 1 1186
t 1185 2 1095
t 1185 3 1121
t 1185 4 1124
t 1185 5 168
t 1186 0 419
t 1186 1 417
t 1186 2 1093
t 1186 3 1108
t 1186 4 1110
t 1186 5 153
t 1187 0 1188
t 1187 1 656
t 1187 2 1155
t 1187 3 1157
t 1187 4 1160
t 1187 5 168
t 1188 0 1097
t 1188 1 417
t 1188 2 1093
t 1188 3 1108
t 1188 4 1110
t 1188 5 153
t 1189 0 1118
t 1189 1 1152
t 1189 2 1190
t 1189 3 1192
t 1189 4 1101
t 1190 0 1096
t 1190 1 1156
t 1190 2 1103
t 1190 3 1191
t 1190 4 1091
t 1191 0 703
t 1191 1 491
t 1191 4 1087
t 1192 0 1193
t 1192 1 1154
t 1192 4 1091
t 1193 0 703
t 1193 1 63
t 1193 4 1087
t 1194 0 1195
t 1194 1 1197
t 1194 2 754
t 1194 3 749
t 1194 4 1199
t 1194 5 168
t 1195 0 1193
t 1195 1 1196
t 1195 2 264
t 1195 3 266
t 1195 4 1123
t 1195 5 153
t 1196 0 146
t 1196 1 141
t 1196 2 143
t 1196 3 141
t 1196 4 1109
t 1196 5 141
t 1197 0 1198
t 1197 1 470
t 1197 2 476
t 1197 3 460
t 1197 4 1159
t 1197 5 153
t 1198 0 491
t 1198 1 141
t 1198 2 143
t 1198 3 141
t 1198 4 1109
t 1198 5 141
t 1199 0 1200
t 1199 1 1201
t 1199 2 1103
t 1199 3 1104
t 1199 4 1091
t 1199 5 153
t 1200 0 1087
t 1200 1 243
t 1200 2 1087
t 1200 3 19
t 1200 4 1087
t 1200 5 141
t 1201 0 646
t 1201 1 300
t 1201 2 1087
t 1201 3 585
t 1201 4 1087
t 1201 5 141
t 1202 0 1203
t 1202 1 1206
t 1202 2 1190
t 1202 3 1209
t 1202 4 1101
t 1202 5 168
t 1203 0 1086
t 1203 1 1204
t 1203 2 1089
t 1203 3 1205
t 1203 4 1091
t 1203 5 153
t 1204 0 229
t 1204 1 174
t 1204 2 1087
t 1204 3 211
t 1204 4 1087
t 1204 5 141
t 1205 0 229
t 1205 1 211
t 1205 2 19
t 1205 3 174
t 1205 4 1087
t 1205 5 141
t 1206 0 1207
t 1206 1 301
t 1206 2 1153
t 1206 3 1208
t 1206 4 1091
t 1206 5 153
t 1207 0 640
t 1207 1 174
t 1207 2 1087
t 1207 3 211
t 1207 4 1087
t 1207 5 141
t 1208 0 587
t 1208 1 174
t 1208 2 585
t 1208 3 174
t 1208 4 1087
t 1208 5 141
t 1209 0 1210
t 1209 1 1211
t 1209 2 1104
t 1209 3 301
t 1209 4 1091
t 1209 5 153
t 1210 0 927
t 1210 1 211
t 1210 2 927
t 1210 3 174
t 1210 4 1087
t 1210 5 141
t 1211 0 587
t 1211 1 174
t 1211 2 927
t 1211 3 174
t 1211 4 1087
t 1211 5 141
t 1212 0 1213
t 1212 1 1220
t 1212 2 1224
t 1212 3 879
t 1212 4 1230
t 1212 5 451
t 1213 0 1214
t 1213 1 1216
t 1213 2 1218
t 1213 3 315
t 1213 4 1132
t 1213 5 168
t 1214 0 1144
t 1214 1 1215
t 1214 2 1104
t 1214 4 1091
t 1215 2 927
t 1215 4 1087
t 1216 0 200
t 1216 1 197
t 1216 2 1217
t 1216 3 149
t 1216 4 1113
t 1216 5 153
t 1217 0 927
t 1217 1 585
t 1217 2 927
t 1217 3 141
t 1217 4 1109
t 1217 5 141
t 1218 0 1144
t 1218 1 1219
t 1218 2 1104
t 1218 3 266
t 1218 4 1123
t 1218 5 153
t 1219 0 585
t 1219 1 161
t 1219 2 927
t 1219 3 141
t 1219 4 1109
t 1219 5 141
t 1220 0 1221
t 1220 1 475
t 1220 2 1222
t 1220 3 463
t 1220 4 1169
t 1220 5 168
t 1221 0 1182
t 1221 1 197
t 1221 2 1217
t 1221 3 149
t 1221 4 1113
t 1221 5 153
t 1222 0 1223
t 1222 1 1182
t 1222 2 1104
t 1222 3 460
t 1222 4 1159
t 1222 5 153
t 1223 0 927
t 1223 1 29
t 1223 2 927
t 1223 3 141
t 1223 4 1109
t 1223 5 141
t 1224 0 1225
t 1224 1 1227
t 1224 2 1229
t 1224 3 749
t 1224 4 1199
t 1224 5 168
t 1225 0 1144
t 1225 1 1226
t 1225 2 1104
t 1225 3 266
t 1225 4 1123
t 1225 5 153
t 1226 0 161
t 1226 1 150
t 1226 2 927
t 1226 3 141
t 1226 4 1109
t 1226 5 141
t 1227 0 1228
t 1227 1 464
t 1227 2 1104
t 1227 3 460
t 1227 4 1159
t 1227 5 153
t 1228 0 585
t 1228 1 150
t 1228 2 927
t 1228 3 141
t 1228 4 1109
t 1228 5 141
t 1229 0 1144
t 1229 1 1182
t 1229 2 1104
t 1229 4 1091
t 1230 0 1231
t 1230 1 1234
t 1230 2 1237
t 1230 3 1229
t 1230 4 1101
t 1230 5 168
t 1231 0 1086
t 1231 1 1232
t 1231 2 1233
t 1231 3 1090
t 1231 4 1091
t 1231 5 153
t 1232 0 231
t 1232 1 176
t 1232 2 1109
t 1232 3 29
t 1232 4 1087
t 1232 5 141
t 1233 0 1087
t 1233 1 646
t 1233 2 1087
t 1233 3 37
t 1233 4 1087
t 1233 5 141
t 1234 0 1235
t 1234 1 674
t 1234 2 1236
t 1234 3 1165
t 1234 4 1091
t 1234 5 153
t 1235 0 640
t 1235 1 176
t 1235 2 1109
t 1235 3 29
t 1235 4 1087
t 1235 5 141
t 1236 0 1109
t 1236 1 640
t 1236 2 1087
t 1236 3 491
t 1236 4 1087
t 1236 5 141
t 1237 0 1238
t 1237 1 1239
t 1237 2 1103
t 1237 3 1191
t 1237 4 1091
t 1237 5 153
t 1238 0 1087
t 1238 1 243
t 1238 2 1087
t 1238 3 37
t 1238 4 1087
t 1238 5 141
t 1239 0 646
t 1239 1 300
t 1239 2 1087
t 1239 3 491
t 1239 4 1087
t 1239 5 141
t 1240 0 1241
t 1240 1 1251
t 1240 2 1259
t 1240 3 1267
t 1240 4 1277
t 1240 5 451
t 1241 0 1085
t 1241 1 1242
t 1241 2 1245
t 1241 3 1248
t 1241 4 1101
t 1241 5 168
t 1242 0 441
t 1242 1 438
t 1242 2 1243
t 1242 3 1244
t 1242 4 1091
t 1242 5 153
t 1243 0 1087
t 1243 1 640
t 1243 2 1087
t 1243 3 187
t 1243 4 1087
t 1243 5 141
t 1244 0 170
t 1244 1 154
t 1244 2 211
t 1244 3 154
t 1244 4 1087
t 1244 5 141
t 1245 0 1096
t 1245 1 1246
t 1245 2 1089
t 1245 3 1247
t 1245 4 1091
t 1245 5 153
t 1246 0 640
t 1246 1 229
t 1246 2 1087
t 1246 3 187
t 1246 4 1087
t 1246 5 141
t 1247 0 170
t 1247 1 187
t 1247 2 174
t 1247 3 154
t 1247 4 1087
t 1247 5 141
t 1248 0 251
t 1248 1 1249
t 1248 2 1250
t 1248 3 177
t 1248 4 1091
t 1248 5 153
t 1249 0 170
t 1249 1 154
t 1249 2 344
t 1249 3 154
t 1249 4 1087
t 1249 5 141
t 1250 0 229
t 1250 1 211
t 1250 2 19
t 1250 3 154
t 1250 4 1087
t 1250 5 141
t 1251 0 1252
t 1251 1 680
t 1251 2 1253
t 1251 3 1256
t 1251 4 1101
t 1251 5 168
t 1252 0 1137
t 1252 1 438
t 1252 2 1243
t 1252 3 1244
t 1252 4 1091
t 1252 5 153
t 1253 0 1254
t 1253 1 1156
t 1253 2 1153
t 1253 3 1255
t 1253 4 1091
t 1253 5 153
t 1254 0 1087
t 1254 1 13
t 1254 2 1087
t 1254 3 187
t 1254 4 1087
t 1254 5 141
t 1255 0 521
t 1255 1 154
t 1255 2 174
t 1255 3 154
t 1255 4 1087
t 1255 5 141
t 1256 0 1257
t 1256 1 252
t 1256 2 1258
t 1256 3 177
t 1256 4 1091
t 1256 5 153
t 1257 0 585
t 1257 1 154
t 1257 2 587
t 1257 3 154
t 1257 4 1087
t 1257 5 141
t 1258 0 587
t 1258 1 174
t 1258 2 585
t 1258 3 154
t 1258 4 1087
t 1258 5 141
t 1259 0 1260
t 1259 1 1262
t 1259 2 1190
t 1259 3 1264
t 1259 4 1101
t 1259 5 168
t 1260 0 1096
t 1260 1 1261
t 1260 2 1089
t 1260 3 1247
t 1260 4 1091
t 1260 5 153
t 1261 0 229
t 1261 1 174
t 1261 2 1087
t 1261 3 187
t 1261 4 1087
t 1261 5 141
t 1262 0 1263
t 1262 1 308
t 1262 2 1153
t 1262 3 1255
t 1262 4 1091
t 1262 5 153
t 1263 0 640
t 1263 1 174
t 1263 2 1087
t 1263 3 187
t 1263 4 1087
t 1263 5 141
t 1264 0 1265
t 1264 1 1266
t 1264 2 308
t 1264 3 177
t 1264 4 1091
t 1264 5 153
t 1265 0 703
t 1265 1 187
t 1265 2 229
t 1265 3 154
t 1265 4 1087
t 1265 5 141
t 1266 0 521
t 1266 1 154
t 1266 2 235
t 1266 3 154
t 1266 4 1087
t 1266 5 141
t 1267 0 1268
t 1267 1 1271
t 1267 2 1274
t 1267 3 399
t 1267 4 1101
t 1267 5 168
t 1268 0 1144
t 1268 1 1269
t 1268 2 1270
t 1268 3 177
t 1268 4 1091
t 1268 5 153
t 1269 0 170
t 1269 1 154
t 1269 2 932
t 1269 3 154
t 1269 4 1087
t 1269 5 141
t 1270 0 927
t 1270 1 587
t 1270 2 927
t 1270 3 154
t 1270 4 1087
t 1270 5 141
t 1271 0 1272
t 1271 1 252
t 1271 2 1273
t 1271 3 177
t 1271 4 1091
t 1271 5 153
t 1272 0 585
t 1272 1 154
t 1272 2 932
t 1272 3 154
t 1272 4 1087
t 1272 5 141
t 1273 0 932
t 1273 1 585
t 1273 2 927
t 1273 3 154
t 1273 4 1087
t 1273 5 141
t 1274 0 1275
t 1274 1 1276
t 1274 2 1104
t 1274 3 177
t 1274 4 1091
t 1274 5 153
t 1275 0 927
t 1275 1 211
t 1275 2 927
t 1275 3 154
t 1275 4 1087
t 1275 5 141
t 1276 0 587
t 1276 1 174
t 1276 2 927
t 1276 3 154
t 1276 4 1087
t 1276 5 141
t 1277 0 1085
t 1277 1 1176
t 1277 2 1190
t 1277 3 1229
t 1277 4 1101
t 1278 0 401
t 1278 1 458
t 1278 2 821
t 1278 3 879
t 1278 4 1025
t 1278 5 451
a 7
r 142
