1712 6
i 1119
i 2376
t 0 2 191
t 0 3 734
t 0 4 919
t 0 5 1207
t 1 0 546
t 1 1 855
t 1 2 520
t 1 4 918
t 1 5 742
t 2 0 324
t 2 2 1171
t 2 3 223
t 3 0 725
t 3 2 1063
t 3 3 790
t 3 4 1063
t 4 0 725
t 4 2 1063
t 4 3 186
t 4 4 1063
t 5 0 618
t 5 2 70
t 5 3 746
t 5 4 330
t 5 5 560
t 6 0 327
t 6 1 111
t 6 2 196
t 6 3 1029
t 6 4 227
t 6 5 1244
t 7 0 82
t 7 1 420
t 7 2 930
t 7 3 1068
t 7 4 919
t 7 5 1207
t 8 1 798
t 8 4 59
t 9 2 764
t 9 4 764
t 10 3 1043
t 10 4 1043
t 11 0 698
t 11 1 1017
t 11 2 56
t 11 3 508
t 11 4 314
t 12 0 1066
t 12 2 1066
t 12 4 598
t 13 2 83
t 13 3 368
t 14 2 504
t 14 4 504
t 15 2 360
t 15 4 360
t 16 0 1205
t 16 2 191
t 16 3 1002
t 16 4 906
t 17 0 728
t 17 2 350
t 17 3 478
t 17 4 350
t 17 5 1151
t 18 0 1178
t 18 1 268
t 18 2 601
t 18 3 223
t 19 2 405
t 19 4 350
t 19 5 144
t 20 0 416
t 20 2 191
t 20 3 776
t 20 4 906
t 21 1 144
t 21 2 352
t 22 2 144
t 23 0 1192
t 23 2 196
t 23 3 1029
t 23 4 227
t 23 5 1244
t 24 0 609
t 24 1 145
t 24 2 1112
t 24 3 1140
t 24 4 774
t 24 5 819
t 25 0 51
t 25 1 972
t 25 2 1032
t 25 4 113
t 25 5 401
t 26 0 421
t 26 2 1076
t 26 3 1158
t 26 4 1020
t 26 5 552
t 27 1 1043
t 28 0 332
t 28 2 588
t 28 3 640
t 28 4 621
t 28 5 949
t 29 1 608
t 29 2 276
t 29 4 806
t 30 0 469
t 30 1 220
t 30 2 943
t 30 3 472
t 30 4 774
t 30 5 323
t 31 0 880
t 31 1 1131
t 31 2 521
t 31 4 521
t 32 2 1146
t 32 3 475
t 32 4 736
t 33 4 355
t 34 2 382
t 34 4 282
t 35 2 891
t 35 4 314
t 36 0 665
t 36 1 212
t 36 2 184
t 36 4 646
t 37 0 675
t 37 1 1185
t 37 2 1209
t 37 4 766
t 38 0 350
t 38 1 728
t 38 2 350
t 38 3 1107
t 38 4 350
t 38 5 264
t 39 1 202
t 39 2 21
t 40 0 602
t 40 2 339
t 40 4 966
t 40 5 951
t 41 0 1230
t 41 3 464
t 41 4 438
t 42 0 499
t 42 2 348
t 42 4 598
t 42 5 781
t 43 4 424
t 44 2 661
t 44 3 515
t 44 4 482
t 44 5 869
t 45 0 699
t 45 2 1224
t 45 3 307
t 45 4 919
t 45 5 1207
t 46 0 554
t 46 1 670
t 46 2 232
t 46 3 381
t 46 4 326
t 46 5 970
t 47 0 748
t 47 2 1225
t 47 3 418
t 47 4 1073
t 47 5 368
t 48 2 243
t 48 4 243
t 49 2 415
t 49 3 95
t 49 4 133
t 50 0 1114
t 50 1 1078
t 50 4 314
t 51 0 430
t 51 1 578
t 51 2 867
t 51 4 59
t 51 5 410
t 52 3 33
t 52 4 552
t 53 0 860
t 53 1 1205
t 53 2 191
t 53 3 1002
t 53 4 906
t 54 4 465
t 55 2 566
t 55 3 96
t 55 4 526
t 55 5 689
t 56 0 1200
t 56 1 423
t 56 2 367
t 56 3 580
t 56 4 744
t 57 0 369
t 57 4 1165
t 57 5 1144
t 58 2 1138
t 58 4 766
t 59 0 453
t 59 1 738
t 59 2 69
t 59 3 184
t 59 4 646
t 60 0 957
t 60 4 350
t 61 0 714
t 61 3 441
t 61 4 1058
t 62 0 186
t 62 4 1063
t 63 2 588
t 63 3 640
t 63 4 621
t 63 5 949
t 64 1 281
t 64 4 247
t 65 0 888
t 65 1 60
t 65 4 1165
t 66 0 1107
t 66 1 139
t 66 4 350
t 66 5 27
t 67 1 240
t 67 2 878
t 67 4 766
t 68 0 587
t 68 1 1179
t 68 2 720
t 69 0 818
t 69 1 875
t 69 2 289
t 69 3 730
t 69 4 929
t 70 0 350
t 70 1 728
t 70 2 350
t 70 3 957
t 70 4 350
t 70 5 269
t 71 0 674
t 71 1 1123
t 71 4 113
t 71 5 274
t 72 0 784
t 72 1 10
t 72 3 1167
t 72 4 784
t 73 0 1255
t 73 2 955
t 73 3 409
t 73 4 733
t 74 0 1034
t 74 1 1048
t 74 2 1060
t 74 3 107
t 74 4 969
t 74 5 198
t 75 0 486
t 75 1 115
t 75 2 122
t 75 3 591
t 75 4 90
t 75 5 353
t 76 0 888
t 76 1 746
t 76 4 330
t 76 5 560
t 77 0 463
t 77 1 836
t 77 2 522
t 77 3 505
t 77 4 886
t 77 5 377
t 78 0 211
t 78 1 808
t 78 2 859
t 78 4 329
t 78 5 620
t 79 1 915
t 79 4 498
t 80 0 593
t 80 2 593
t 80 3 269
t 81 0 728
t 81 2 350
t 81 3 957
t 81 4 350
t 81 5 269
t 82 0 350
t 82 1 838
t 82 2 350
t 82 3 1168
t 82 4 350
t 82 5 207
t 83 0 1178
t 83 1 794
t 83 2 722
t 84 0 490
t 84 1 629
t 84 2 239
t 84 3 656
t 84 4 314
t 85 0 946
t 85 1 92
t 85 2 313
t 85 3 241
t 86 0 1236
t 86 1 181
t 86 2 1127
t 86 4 936
t 86 5 334
t 87 2 1146
t 87 3 1174
t 87 4 736
t 88 1 1104
t 88 2 1168
t 88 4 350
t 88 5 352
t 89 0 725
t 89 2 725
t 89 3 775
t 89 4 725
t 90 0 592
t 90 1 997
t 90 2 278
t 90 3 192
t 90 4 940
t 90 5 223
t 91 0 546
t 91 1 182
t 91 2 184
t 91 4 1196
t 91 5 39
t 92 2 722
t 92 3 869
t 93 0 1107
t 93 1 957
t 93 4 350
t 93 5 1085
t 94 1 246
t 94 2 279
t 94 4 1165
t 94 5 1144
t 95 2 775
t 95 4 952
t 96 2 697
t 96 4 599
t 96 5 290
t 97 0 840
t 97 2 661
t 97 3 427
t 97 4 598
t 98 0 1206
t 98 1 1094
t 98 2 458
t 98 4 458
t 99 0 78
t 99 1 604
t 99 2 305
t 99 4 835
t 99 5 174
t 100 1 790
t 100 4 1167
t 101 0 437
t 101 1 402
t 101 2 992
t 101 3 65
t 101 4 1020
t 102 0 593
t 102 2 593
t 102 3 144
t 103 0 991
t 103 1 644
t 103 2 627
t 103 4 312
t 103 5 309
t 104 2 982
t 105 0 533
t 106 0 30
t 106 1 662
t 106 2 1003
t 106 3 1229
t 106 4 252
t 106 5 650
t 107 0 788
t 107 1 570
t 107 4 981
t 107 5 320
t 108 0 229
t 108 1 45
t 108 2 704
t 108 3 558
t 108 4 216
t 108 5 155
t 109 1 10
t 109 3 1167
t 109 4 735
t 110 0 1190
t 110 1 385
t 110 2 399
t 110 4 1165
t 111 0 728
t 111 2 350
t 111 3 957
t 111 4 350
t 111 5 424
t 112 2 724
t 112 4 432
t 112 5 22
t 113 0 426
t 113 1 136
t 113 2 1042
t 113 3 1127
t 113 4 206
t 113 5 974
t 114 0 1051
t 114 2 272
t 114 3 22
t 115 0 442
t 115 2 787
t 115 3 810
t 115 4 940
t 115 5 223
t 116 0 1091
t 116 1 600
t 116 2 832
t 116 3 88
t 116 4 303
t 116 5 21
t 117 2 1217
t 118 0 707
t 118 2 328
t 118 4 330
t 118 5 560
t 119 0 874
t 119 3 269
t 120 0 728
t 120 2 350
t 120 3 1104
t 120 4 350
t 120 5 741
t 121 2 1209
t 121 4 766
t 122 0 941
t 122 1 5
t 122 2 278
t 122 3 76
t 122 4 940
t 122 5 223
t 123 2 740
t 123 4 598
t 123 5 781
t 124 2 979
t 124 4 314
t 125 0 190
t 125 1 379
t 125 4 428
t 126 0 1159
t 126 1 1139
t 126 2 923
t 126 3 1219
t 126 4 865
t 126 5 52
t 127 0 73
t 127 2 550
t 127 3 179
t 127 4 262
t 128 0 655
t 128 1 518
t 128 2 219
t 128 3 759
t 128 4 743
t 129 0 920
t 129 2 920
t 129 4 262
t 130 0 1063
t 130 1 725
t 130 2 1063
t 130 3 1167
t 130 4 1063
t 131 0 424
t 131 3 790
t 131 4 784
t 132 2 1071
t 132 4 432
t 132 5 285
t 133 1 741
t 133 2 952
t 133 3 504
t 133 4 952
t 134 0 655
t 134 1 1166
t 134 2 700
t 134 3 36
t 134 4 743
t 135 0 553
t 135 1 212
t 135 2 110
t 135 4 598
t 136 0 840
t 136 2 787
t 136 3 118
t 136 4 940
t 136 5 223
t 137 0 182
t 137 2 110
t 137 4 482
t 137 5 869
t 138 0 585
t 138 1 937
t 138 2 334
t 139 4 1043
t 139 5 1043
t 140 0 982
t 140 1 207
t 140 2 982
t 141 0 105
t 142 1 1158
t 142 4 646
t 142 5 933
t 143 1 877
t 143 2 415
t 143 3 1080
t 143 4 133
t 144 2 1043
t 145 2 857
t 145 3 418
t 145 4 1187
t 145 5 710
t 146 0 993
t 146 1 337
t 146 2 480
t 146 3 564
t 146 4 201
t 146 5 565
t 147 1 112
t 147 2 167
t 147 4 482
t 147 5 869
t 148 2 191
t 148 3 1002
t 148 4 906
t 149 0 7
t 149 1 0
t 149 2 300
t 149 3 1214
t 149 4 158
t 149 5 1067
t 150 0 137
t 150 2 1212
t 150 4 452
t 150 5 531
t 151 0 396
t 151 1 121
t 151 2 37
t 151 4 744
t 152 0 723
t 152 1 790
t 152 4 1063
t 153 1 582
t 153 2 624
t 153 4 646
t 153 5 933
t 154 0 273
t 154 1 168
t 154 2 338
t 154 3 572
t 154 4 646
t 155 1 1009
t 155 2 1249
t 155 3 21
t 156 0 1084
t 156 1 931
t 156 2 284
t 156 3 1164
t 156 4 1057
t 157 0 190
t 157 1 879
t 157 4 428
t 158 0 82
t 158 1 1100
t 158 2 38
t 158 3 681
t 158 4 919
t 158 5 1207
t 159 0 606
t 159 2 1177
t 159 3 449
t 159 4 347
t 159 5 1058
t 160 0 728
t 160 2 350
t 160 3 478
t 160 4 350
t 160 5 144
t 161 0 154
t 161 1 1234
t 161 2 1099
t 161 3 639
t 161 4 59
t 162 0 728
t 162 2 350
t 162 3 1104
t 162 4 350
t 163 0 350
t 163 1 728
t 163 2 350
t 163 3 139
t 163 4 350
t 163 5 10
t 164 0 318
t 164 4 598
t 165 0 82
t 165 1 670
t 165 2 514
t 165 3 254
t 165 4 298
t 165 5 562
t 166 0 723
t 166 1 186
t 166 4 1063
t 167 1 446
t 167 2 724
t 167 4 1165
t 168 2 297
t 168 3 1002
t 168 4 1165
t 169 0 68
t 169 1 829
t 169 2 313
t 170 0 723
t 170 1 790
t 170 4 784
t 171 0 405
t 171 1 478
t 171 2 405
t 171 4 350
t 171 5 352
t 172 0 737
t 172 2 893
t 172 3 654
t 173 4 438
t 174 0 138
t 174 1 948
t 174 2 932
t 175 0 146
t 175 1 148
t 175 2 1055
t 175 3 572
t 175 4 1039
t 176 2 613
t 176 4 1073
t 176 5 368
t 177 0 332
t 177 2 667
t 177 3 851
t 177 4 621
t 177 5 949
t 178 0 1074
t 178 1 1151
t 178 2 1074
t 179 2 409
t 179 4 733
t 180 0 611
t 180 2 203
t 180 4 599
t 180 5 290
t 181 0 182
t 181 2 192
t 181 4 425
t 181 5 492
t 182 0 391
t 182 2 399
t 182 4 432
t 182 5 22
t 183 2 163
t 183 3 963
t 183 4 906
t 183 5 355
t 184 0 824
t 184 1 385
t 184 2 907
t 184 4 929
t 185 0 816
t 185 1 3
t 185 2 660
t 185 3 1197
t 185 4 766
t 186 0 1043
t 186 4 1043
t 187 0 631
t 187 1 54
t 187 4 468
t 188 0 203
t 188 2 1126
t 188 4 966
t 188 5 951
t 189 0 466
t 189 2 484
t 189 3 1123
t 189 4 347
t 189 5 1095
t 190 0 356
t 190 1 1118
t 190 4 841
t 191 0 350
t 191 1 728
t 191 2 350
t 191 3 139
t 191 4 350
t 191 5 264
t 192 0 1190
t 192 1 210
t 192 2 627
t 192 4 330
t 192 5 560
t 193 2 350
t 193 3 1104
t 193 4 350
t 193 5 741
t 194 0 592
t 194 1 1061
t 194 2 889
t 194 3 167
t 194 4 598
t 195 0 996
t 195 4 996
t 196 0 350
t 196 1 728
t 196 2 350
t 196 3 957
t 196 4 350
t 196 5 424
t 197 0 151
t 197 1 291
t 197 2 508
t 197 4 314
t 198 0 1142
t 198 1 897
t 198 3 261
t 198 4 643
t 199 0 703
t 199 1 1219
t 199 4 59
t 199 5 410
t 200 0 229
t 200 1 0
t 200 2 1055
t 200 3 693
t 200 4 216
t 200 5 155
t 201 0 350
t 201 1 728
t 201 2 350
t 201 3 405
t 201 4 350
t 201 5 1193
t 202 2 352
t 203 0 494
t 203 2 494
t 203 4 921
t 203 5 890
t 204 2 1104
t 204 4 350
t 204 5 775
t 205 0 1037
t 205 2 197
t 205 4 11
t 206 0 453
t 206 1 997
t 206 2 525
t 206 3 520
t 206 4 702
t 206 5 1195
t 207 2 1043
t 207 3 1043
t 208 0 405
t 208 1 478
t 208 2 405
t 208 4 350
t 208 5 1167
t 209 0 1110
t 209 1 42
t 209 2 1161
t 209 4 921
t 209 5 890
t 210 0 478
t 210 2 405
t 210 4 350
t 210 5 269
t 211 0 1236
t 211 1 315
t 211 2 36
t 211 4 293
t 211 5 241
t 212 0 385
t 212 2 399
t 212 4 1165
t 213 2 1168
t 213 4 350
t 213 5 144
t 214 0 350
t 214 1 728
t 214 2 350
t 214 3 405
t 214 4 350
t 214 5 1085
t 215 2 209
t 215 4 599
t 215 5 290
t 216 0 554
t 216 1 1100
t 216 2 1012
t 216 3 171
t 216 4 568
t 216 5 658
t 217 1 713
t 217 4 908
t 218 0 747
t 218 4 125
t 219 0 146
t 219 1 16
t 219 2 1055
t 219 3 572
t 219 4 1039
t 220 2 923
t 220 3 222
t 220 4 1187
t 220 5 883
t 221 0 1074
t 221 1 144
t 221 2 1074
t 222 2 740
t 222 4 482
t 222 5 243
t 223 0 560
t 224 0 543
t 224 1 244
t 224 2 503
t 224 4 330
t 224 5 250
t 225 2 617
t 225 4 432
t 225 5 285
t 226 0 1131
t 226 2 521
t 226 4 521
t 227 0 350
t 227 1 728
t 227 2 350
t 227 3 405
t 227 4 350
t 227 5 874
t 228 0 229
t 228 1 1059
t 228 2 1222
t 228 3 680
t 228 4 46
t 228 5 1137
t 229 0 554
t 229 1 420
t 229 2 480
t 229 3 88
t 229 4 568
t 229 5 658
t 230 0 66
t 230 1 746
t 230 4 214
t 230 5 310
t 231 1 967
t 231 2 451
t 231 3 217
t 231 4 806
t 232 0 350
t 232 1 728
t 232 2 350
t 232 3 1107
t 232 4 350
t 232 5 870
t 233 2 504
t 233 4 952
t 234 0 350
t 234 1 728
t 234 2 350
t 234 3 1107
t 234 4 350
t 234 5 784
t 235 3 288
t 235 4 52
t 236 0 1228
t 236 2 1228
t 236 4 899
t 237 0 450
t 237 1 964
t 237 2 299
t 237 3 310
t 238 0 28
t 238 2 1096
t 238 3 686
t 238 4 77
t 238 5 172
t 239 0 1200
t 239 1 559
t 239 2 789
t 239 3 924
t 239 4 744
t 240 2 504
t 240 4 1063
t 241 1 366
t 241 2 39
t 242 4 428
t 243 2 285
t 243 4 285
t 244 0 478
t 244 2 405
t 244 4 350
t 244 5 186
t 245 0 1108
t 245 2 1108
t 245 4 1063
t 246 2 1168
t 246 4 350
t 246 5 790
t 247 1 804
t 247 3 761
t 247 4 498
t 248 1 9
t 248 2 1120
t 248 4 1120
t 249 2 350
t 249 3 139
t 249 4 350
t 250 0 186
t 250 4 186
t 251 0 1053
t 251 1 189
t 251 2 359
t 251 3 71
t 251 4 470
t 251 5 750
t 252 0 609
t 252 1 817
t 252 2 584
t 252 3 411
t 252 4 774
t 252 5 819
t 253 0 1008
t 253 2 503
t 253 4 330
t 253 5 250
t 254 0 405
t 254 1 478
t 254 2 405
t 254 4 350
t 254 5 1151
t 255 0 887
t 255 1 1052
t 255 2 1157
t 255 4 1157
t 256 2 350
t 256 3 139
t 256 4 350
t 256 5 10
t 257 0 1185
t 257 2 1209
t 257 4 766
t 258 0 311
t 258 2 311
t 258 4 744
t 259 0 331
t 259 1 111
t 259 2 234
t 259 3 1145
t 259 4 524
t 259 5 1023
t 260 0 767
t 260 1 215
t 260 2 826
t 260 4 417
t 260 5 828
t 261 0 187
t 261 1 1135
t 261 4 687
t 262 0 1255
t 262 2 270
t 262 3 236
t 262 4 733
t 263 1 1104
t 263 2 1168
t 263 4 350
t 263 5 504
t 264 3 1043
t 265 0 490
t 265 1 1065
t 265 2 56
t 265 3 628
t 265 4 314
t 266 0 1117
t 266 2 660
t 266 3 1138
t 266 4 766
t 267 0 768
t 267 1 44
t 267 2 760
t 267 3 147
t 267 4 1073
t 267 5 368
t 268 0 673
t 268 2 727
t 268 3 560
t 269 0 1043
t 270 0 913
t 270 2 623
t 270 3 510
t 270 4 899
t 271 0 350
t 271 1 728
t 271 2 350
t 271 3 976
t 271 4 350
t 272 0 982
t 272 1 593
t 272 2 982
t 273 0 818
t 273 1 249
t 273 2 832
t 273 3 564
t 273 4 929
t 274 0 1101
t 274 1 353
t 275 2 857
t 275 3 798
t 275 4 865
t 276 1 460
t 276 2 1001
t 276 4 908
t 277 0 816
t 277 1 1013
t 277 2 660
t 277 3 1197
t 277 4 766
t 278 0 455
t 278 1 81
t 278 2 1113
t 278 3 433
t 278 4 330
t 278 5 560
t 279 1 1104
t 279 2 1168
t 279 4 350
t 279 5 790
t 280 2 1063
t 280 3 775
t 280 4 1063
t 281 4 498
t 282 0 725
t 282 2 725
t 282 3 1108
t 282 4 725
t 283 0 708
t 284 0 690
t 284 1 362
t 284 2 265
t 284 3 1070
t 284 4 11
t 285 2 775
t 285 4 775
t 286 0 16
t 286 2 53
t 286 3 1181
t 286 4 1020
t 287 1 741
t 287 2 952
t 287 3 1167
t 287 4 952
t 288 4 552
t 289 0 350
t 289 1 728
t 289 2 350
t 289 3 1107
t 289 4 350
t 289 5 27
t 290 2 48
t 290 4 48
t 291 0 257
t 291 2 37
t 291 4 744
t 292 0 728
t 292 2 350
t 292 3 478
t 292 4 350
t 292 5 264
t 293 0 116
t 293 1 830
t 293 2 69
t 293 3 558
t 293 4 1196
t 293 5 39
t 294 0 1211
t 294 1 706
t 294 2 1042
t 294 3 1
t 294 4 936
t 294 5 334
t 295 0 200
t 295 1 999
t 295 2 376
t 295 3 1
t 295 4 228
t 295 5 1254
t 296 2 398
t 296 4 1073
t 296 5 48
t 297 0 350
t 297 1 728
t 297 2 350
t 297 3 139
t 297 4 350
t 298 0 350
t 298 1 728
t 298 2 350
t 298 3 405
t 298 4 350
t 298 5 593
t 299 0 982
t 299 1 593
t 299 2 982
t 299 3 1085
t 300 0 1093
t 300 1 1205
t 300 2 930
t 300 3 1250
t 300 4 906
t 301 0 128
t 301 1 576
t 301 2 1112
t 301 3 942
t 301 4 134
t 302 0 501
t 302 1 854
t 302 2 705
t 302 3 456
t 302 4 500
t 302 5 687
t 303 0 350
t 303 1 728
t 303 2 350
t 303 3 405
t 303 4 350
t 303 5 352
t 304 0 946
t 304 1 657
t 304 2 567
t 304 3 334
t 305 0 493
t 305 1 1191
t 305 2 994
t 305 4 113
t 305 5 274
t 306 0 941
t 306 1 739
t 306 2 1082
t 306 3 65
t 306 4 598
t 307 0 478
t 307 2 478
t 307 4 350
t 307 5 144
t 308 0 1110
t 308 1 578
t 308 2 1161
t 308 4 921
t 308 5 890
t 309 0 1151
t 309 2 1151
t 310 0 1085
t 310 1 269
t 311 0 245
t 311 2 245
t 311 4 766
t 312 0 350
t 312 1 728
t 312 2 350
t 312 3 405
t 312 4 350
t 312 5 1151
t 313 0 587
t 313 1 794
t 313 2 720
t 314 0 959
t 314 1 1122
t 314 2 367
t 314 3 37
t 314 4 744
t 315 2 110
t 315 4 482
t 315 5 869
t 316 1 790
t 316 4 952
t 317 1 877
t 317 2 287
t 317 3 316
t 317 4 133
t 318 0 60
t 318 4 1165
t 319 4 766
t 320 0 345
t 320 1 218
t 320 4 401
t 321 0 1238
t 321 4 733
t 322 0 478
t 322 2 478
t 322 4 350
t 322 5 186
t 323 1 780
t 323 2 451
t 323 3 276
t 323 4 806
t 324 0 511
t 324 2 511
t 325 0 1050
t 325 1 1166
t 325 2 101
t 325 3 135
t 325 4 865
t 326 0 350
t 326 1 728
t 326 2 350
t 326 3 405
t 326 4 350
t 326 5 982
t 327 0 350
t 327 1 838
t 327 2 350
t 327 3 139
t 327 4 350
t 327 5 10
t 328 0 478
t 328 2 478
t 328 4 350
t 328 5 269
t 329 0 1211
t 329 1 333
t 329 2 489
t 329 3 91
t 329 4 293
t 329 5 241
t 330 0 350
t 330 1 728
t 330 2 350
t 330 3 405
t 330 4 350
t 330 5 269
t 331 0 350
t 331 1 838
t 331 2 350
t 331 3 976
t 331 4 350
t 331 5 735
t 332 0 439
t 332 2 857
t 332 3 418
t 332 4 1187
t 332 5 710
t 333 0 496
t 333 2 912
t 333 3 517
t 333 4 482
t 333 5 869
t 334 0 786
t 334 1 1040
t 334 2 742
t 335 0 728
t 335 2 350
t 335 3 478
t 335 4 350
t 336 0 1097
t 336 1 244
t 336 2 473
t 336 4 214
t 336 5 841
t 337 2 350
t 337 3 139
t 337 4 350
t 337 5 264
t 338 0 818
t 338 1 618
t 338 2 832
t 338 3 564
t 338 4 929
t 339 0 1110
t 339 1 342
t 339 2 1125
t 339 4 90
t 339 5 195
t 340 2 39
t 341 2 399
t 341 4 432
t 341 5 22
t 342 0 499
t 342 2 224
t 342 4 940
t 342 5 996
t 343 0 1239
t 343 1 395
t 343 2 930
t 343 3 724
t 343 4 906
t 344 3 603
t 344 4 1023
t 345 0 157
t 345 1 242
t 345 4 125
t 346 0 860
t 346 1 392
t 346 2 1224
t 346 3 60
t 346 4 906
t 347 0 1050
t 347 1 711
t 347 2 516
t 347 3 1212
t 347 4 842
t 347 5 791
t 348 0 543
t 348 1 1008
t 348 2 617
t 348 4 1165
t 348 5 1144
t 349 0 725
t 349 2 725
t 349 3 790
t 349 4 725
t 350 0 1043
t 350 1 1043
t 350 2 1043
t 350 3 1043
t 350 4 1043
t 350 5 1043
t 351 0 666
t 351 1 672
t 351 2 834
t 351 3 619
t 351 4 156
t 352 1 1043
t 352 2 1043
t 353 0 223
t 354 2 1168
t 354 4 350
t 354 5 775
t 355 3 790
t 355 4 10
t 356 0 723
t 356 1 790
t 356 4 723
t 357 0 1093
t 357 1 990
t 357 2 514
t 357 3 433
t 357 4 227
t 357 5 119
t 358 0 424
t 358 3 186
t 358 4 784
t 359 0 412
t 359 1 539
t 359 2 1221
t 359 3 1216
t 359 4 500
t 359 5 1038
t 360 0 887
t 360 1 380
t 360 2 1157
t 360 4 1157
t 361 2 94
t 361 4 482
t 361 5 243
t 362 0 629
t 362 2 436
t 362 3 694
t 362 4 314
t 363 0 318
t 363 4 940
t 363 5 223
t 364 2 163
t 364 3 204
t 364 4 919
t 364 5 736
t 365 0 1050
t 365 1 518
t 365 2 1188
t 365 3 613
t 365 4 865
t 366 2 21
t 367 0 721
t 367 1 4
t 367 2 695
t 367 3 166
t 367 4 766
t 368 2 869
t 369 0 957
t 369 4 350
t 369 5 790
t 370 2 749
t 370 4 883
t 371 0 126
t 371 1 854
t 371 2 1177
t 371 3 449
t 371 4 347
t 371 5 1058
t 372 0 66
t 372 1 60
t 372 4 929
t 373 1 597
t 373 4 806
t 374 2 415
t 374 3 1080
t 374 4 133
t 375 0 478
t 375 2 405
t 375 4 350
t 375 5 775
t 376 0 146
t 376 1 1235
t 376 2 1222
t 376 3 230
t 376 4 765
t 376 5 719
t 377 0 900
t 377 2 2
t 377 3 531
t 378 0 199
t 378 1 449
t 378 4 113
t 378 5 401
t 379 0 938
t 379 4 841
t 380 0 1108
t 380 2 1152
t 380 4 1152
t 381 0 405
t 381 1 478
t 381 2 405
t 381 4 350
t 381 5 1074
t 382 2 775
t 382 4 725
t 383 2 660
t 383 3 1197
t 383 4 766
t 384 2 1152
t 384 4 1063
t 385 0 478
t 385 2 405
t 385 4 350
t 386 2 772
t 386 3 536
t 386 4 325
t 386 5 235
t 387 2 457
t 387 3 891
t 387 4 314
t 388 0 7
t 388 1 1059
t 388 2 357
t 388 3 103
t 388 4 165
t 388 5 1006
t 389 0 66
t 389 1 1002
t 389 4 929
t 390 2 878
t 390 4 766
t 391 0 478
t 391 2 405
t 391 4 350
t 391 5 144
t 392 0 728
t 392 2 350
t 392 3 957
t 392 4 350
t 392 5 264
t 393 2 405
t 393 4 350
t 393 5 790
t 394 0 24
t 394 1 177
t 394 2 1090
t 394 3 950
t 394 4 252
t 394 5 440
t 395 2 350
t 395 3 1104
t 395 4 350
t 395 5 264
t 396 0 675
t 396 1 384
t 396 2 1209
t 396 4 766
t 397 0 57
t 397 4 598
t 397 5 781
t 398 1 582
t 398 2 94
t 398 4 598
t 398 5 781
t 399 0 405
t 399 1 478
t 399 2 405
t 399 4 350
t 400 0 102
t 400 2 511
t 400 3 22
t 401 0 157
t 401 1 747
t 401 4 125
t 402 0 1205
t 402 2 1224
t 402 3 60
t 402 4 906
t 403 2 1157
t 403 4 1157
t 404 0 1210
t 404 1 614
t 404 2 197
t 404 4 11
t 405 0 1043
t 405 1 1043
t 405 2 1043
t 405 4 1043
t 405 5 1043
t 406 0 977
t 406 2 977
t 406 4 11
t 407 0 728
t 407 2 350
t 407 3 478
t 407 4 350
t 407 5 874
t 408 1 790
t 408 4 1063
t 409 2 34
t 409 4 899
t 410 1 1102
t 410 4 933
t 411 0 1236
t 411 1 137
t 411 2 36
t 411 4 293
t 411 5 241
t 412 0 175
t 412 1 485
t 412 2 219
t 412 3 639
t 412 4 743
t 413 2 191
t 413 3 776
t 413 4 906
t 414 1 1080
t 414 4 133
t 415 1 741
t 415 2 952
t 415 3 790
t 415 4 952
t 416 0 728
t 416 2 350
t 416 3 1104
t 416 4 350
t 416 5 264
t 417 0 688
t 417 1 422
t 417 2 864
t 417 3 411
t 417 4 329
t 417 5 620
t 418 2 427
t 418 4 482
t 418 5 869
t 419 2 661
t 419 3 427
t 419 4 598
t 420 2 350
t 420 3 1104
t 420 4 350
t 420 5 207
t 421 0 1192
t 421 2 163
t 421 3 963
t 421 4 906
t 421 5 355
t 422 0 748
t 422 2 668
t 422 3 758
t 422 4 1073
t 422 5 368
t 423 0 3
t 423 2 481
t 423 3 62
t 423 4 766
t 424 0 1043
t 424 3 1043
t 424 4 1043
t 425 0 763
t 425 1 17
t 425 2 1113
t 425 3 254
t 425 4 312
t 425 5 309
t 426 0 453
t 426 1 1061
t 426 2 338
t 426 3 989
t 426 4 646
t 427 2 776
t 427 4 1165
t 428 0 356
t 428 1 938
t 428 4 841
t 429 2 1161
t 429 4 921
t 429 5 890
t 430 0 909
t 430 1 1116
t 430 2 506
t 430 4 646
t 430 5 933
t 431 0 495
t 431 1 1235
t 431 2 792
t 431 3 810
t 431 4 873
t 431 5 538
t 432 0 350
t 432 1 728
t 432 2 350
t 432 3 405
t 432 4 350
t 432 5 144
t 433 0 1107
t 433 1 957
t 433 4 350
t 433 5 269
t 434 0 277
t 434 1 383
t 434 2 185
t 434 3 319
t 434 4 744
t 435 0 634
t 435 1 315
t 435 2 135
t 435 4 1073
t 435 5 368
t 436 0 277
t 436 1 423
t 436 2 610
t 436 3 917
t 436 4 744
t 437 0 1093
t 437 1 337
t 437 2 930
t 437 3 1250
t 437 4 906
t 438 0 850
t 438 3 901
t 438 4 1244
t 439 0 607
t 439 2 53
t 439 3 515
t 439 4 158
t 439 5 1067
t 440 1 716
t 440 2 541
t 440 3 620
t 441 0 1045
t 441 4 934
t 442 0 618
t 442 2 297
t 442 3 1002
t 442 4 1165
t 443 0 385
t 443 2 627
t 443 4 330
t 443 5 560
t 444 0 829
t 444 2 18
t 444 3 353
t 445 0 1049
t 445 1 485
t 445 2 1188
t 445 3 1121
t 445 4 865
t 446 2 1168
t 446 4 350
t 447 0 478
t 447 2 478
t 447 4 350
t 447 5 790
t 448 0 991
t 448 1 19
t 448 2 399
t 448 4 432
t 448 5 22
t 449 0 397
t 449 4 90
t 449 5 195
t 450 0 982
t 450 1 207
t 450 2 982
t 450 3 27
t 451 1 374
t 451 2 317
t 451 3 414
t 451 4 908
t 452 0 858
t 452 1 962
t 452 2 278
t 452 3 103
t 452 4 425
t 452 5 492
t 453 0 535
t 453 1 980
t 453 2 832
t 453 3 914
t 453 4 929
t 454 0 308
t 454 1 972
t 454 2 339
t 454 4 966
t 454 5 951
t 455 0 350
t 455 1 838
t 455 2 350
t 455 3 976
t 455 4 350
t 456 0 703
t 456 1 555
t 456 4 206
t 456 5 125
t 457 0 277
t 457 1 559
t 457 2 185
t 457 3 319
t 457 4 744
t 458 0 581
t 458 1 226
t 458 2 31
t 458 4 31
t 459 2 475
t 459 4 736
t 460 2 1083
t 460 4 133
t 461 0 1149
t 461 1 318
t 461 4 598
t 462 0 543
t 462 1 393
t 462 2 617
t 462 4 1165
t 462 5 1144
t 463 0 149
t 463 1 561
t 463 2 1188
t 463 3 147
t 463 4 1187
t 463 5 710
t 464 4 1244
t 465 0 72
t 465 1 358
t 465 3 502
t 465 4 1023
t 466 0 286
t 466 2 857
t 466 3 798
t 466 4 865
t 467 1 928
t 467 2 398
t 467 4 921
t 467 5 890
t 468 0 537
t 468 1 805
t 468 3 1098
t 468 4 465
t 469 0 1036
t 469 1 1109
t 469 2 782
t 469 3 676
t 469 4 108
t 469 5 806
t 470 0 128
t 470 1 701
t 470 2 1221
t 470 3 994
t 470 4 500
t 470 5 1038
t 471 2 833
t 472 1 361
t 472 2 153
t 472 4 293
t 472 5 248
t 473 0 405
t 473 1 478
t 473 2 405
t 473 4 350
t 473 5 723
t 474 3 54
t 474 4 468
t 475 2 775
t 475 4 741
t 476 0 630
t 476 3 685
t 476 4 468
t 477 0 691
t 477 1 225
t 477 2 506
t 477 4 1196
t 477 5 1120
t 478 0 1043
t 478 2 1043
t 478 4 1043
t 478 5 1043
t 479 0 1027
t 479 3 847
t 479 4 465
t 480 0 350
t 480 1 728
t 480 2 350
t 480 3 976
t 480 4 350
t 480 5 1193
t 481 0 1063
t 481 1 725
t 481 2 1063
t 481 3 186
t 481 4 1063
t 482 0 763
t 482 1 160
t 482 2 815
t 482 3 681
t 482 4 432
t 482 5 22
t 483 0 434
t 483 1 629
t 483 2 457
t 483 3 1078
t 483 4 314
t 484 0 876
t 484 1 1237
t 484 2 431
t 484 3 363
t 484 4 842
t 484 5 791
t 485 2 53
t 485 3 1181
t 485 4 1020
t 486 0 941
t 486 1 168
t 486 2 889
t 486 3 1016
t 486 4 598
t 487 0 350
t 487 1 728
t 487 2 350
t 487 3 976
t 487 4 350
t 487 5 735
t 488 2 633
t 488 4 806
t 489 0 273
t 489 1 739
t 489 2 69
t 489 3 372
t 489 4 646
t 490 0 1200
t 490 1 383
t 490 2 789
t 490 3 924
t 490 4 744
t 491 0 24
t 491 1 1243
t 491 2 359
t 491 3 594
t 491 4 632
t 491 5 575
t 492 0 309
t 492 2 309
t 493 0 712
t 493 1 954
t 493 2 36
t 493 4 59
t 494 0 837
t 494 2 837
t 494 4 598
t 494 5 781
t 495 0 860
t 495 1 337
t 495 2 191
t 495 3 1002
t 495 4 906
t 496 0 821
t 496 2 297
t 496 3 734
t 496 4 432
t 496 5 22
t 497 1 374
t 497 2 143
t 497 3 713
t 497 4 908
t 498 1 1231
t 498 3 1251
t 498 4 109
t 499 0 1008
t 499 2 617
t 499 4 1165
t 499 5 1144
t 500 0 655
t 500 1 711
t 500 2 376
t 500 3 1127
t 500 4 1015
t 500 5 896
t 501 0 577
t 501 1 1139
t 501 2 782
t 501 3 142
t 501 4 743
t 501 5 247
t 502 0 723
t 502 1 186
t 502 4 784
t 503 0 405
t 503 1 478
t 503 2 405
t 503 4 350
t 503 5 186
t 504 1 1043
t 504 2 1043
t 504 4 1043
t 505 0 634
t 505 1 181
t 505 2 1212
t 505 4 452
t 505 5 531
t 506 0 1097
t 506 1 1008
t 506 2 208
t 506 4 929
t 506 5 100
t 507 0 698
t 507 1 1213
t 507 2 239
t 507 3 979
t 507 4 314
t 508 0 396
t 508 1 257
t 508 2 37
t 508 4 744
t 509 0 405
t 509 1 478
t 509 2 405
t 509 4 350
t 509 5 1085
t 510 0 551
t 510 4 282
t 511 0 593
t 511 2 593
t 512 0 1103
t 512 1 238
t 512 2 251
t 512 3 99
t 512 4 491
t 512 5 771
t 513 0 1242
t 513 2 348
t 513 4 482
t 513 5 243
t 514 0 350
t 514 1 728
t 514 2 350
t 514 3 1107
t 514 4 350
t 514 5 874
t 515 2 776
t 515 4 432
t 515 5 22
t 516 0 437
t 516 1 1235
t 516 2 357
t 516 3 76
t 516 4 873
t 516 5 538
t 517 0 307
t 517 2 707
t 517 4 432
t 517 5 22
t 518 2 53
t 518 3 427
t 518 4 1020
t 519 4 899
t 520 0 824
t 520 1 210
t 520 2 509
t 520 4 214
t 520 5 310
t 521 0 255
t 521 1 745
t 521 2 360
t 521 4 360
t 522 0 1049
t 522 1 1237
t 522 2 516
t 522 3 591
t 522 4 842
t 522 5 791
t 523 0 802
t 524 0 350
t 524 1 728
t 524 2 350
t 524 3 405
t 524 4 350
t 524 5 870
t 525 0 818
t 525 1 81
t 525 2 1220
t 525 3 93
t 525 4 214
t 525 5 310
t 526 0 463
t 526 1 817
t 526 2 1150
t 526 3 778
t 526 4 621
t 526 5 949
t 527 2 95
t 527 4 133
t 528 0 607
t 528 2 346
t 528 3 517
t 528 4 158
t 528 5 1067
t 529 2 1225
t 529 3 418
t 529 4 1073
t 529 5 368
t 530 0 1147
t 530 2 772
t 530 3 1154
t 530 4 621
t 530 5 852
t 531 0 492
t 531 2 492
t 532 0 631
t 532 1 685
t 532 4 468
t 533 0 874
t 534 1 124
t 534 2 755
t 534 4 11
t 535 0 350
t 535 1 838
t 535 2 350
t 535 3 1168
t 535 4 350
t 535 5 27
t 536 4 921
t 536 5 890
t 537 0 72
t 537 1 995
t 537 3 1160
t 537 4 1023
t 538 0 533
t 538 3 560
t 539 0 286
t 539 2 431
t 539 3 363
t 539 4 842
t 539 5 791
t 540 0 389
t 540 1 1181
t 540 4 646
t 541 1 471
t 541 2 574
t 542 0 758
t 542 2 882
t 542 4 452
t 542 5 531
t 543 0 405
t 543 1 1104
t 543 2 405
t 543 4 350
t 543 5 790
t 544 1 1077
t 544 4 410
t 545 1 54
t 545 4 468
t 546 0 1087
t 546 1 19
t 546 2 907
t 546 4 303
t 546 5 21
t 547 1 1133
t 547 2 29
t 547 4 323
t 548 0 901
t 548 4 1244
t 549 0 1245
t 549 1 1134
t 549 2 557
t 549 3 1216
t 549 4 113
t 549 5 274
t 550 0 955
t 550 2 955
t 550 3 519
t 550 4 733
t 551 0 186
t 551 4 725
t 552 3 968
t 552 4 355
t 553 0 1190
t 553 1 1062
t 553 2 399
t 553 4 1165
t 554 0 350
t 554 1 838
t 554 2 350
t 554 3 1168
t 554 4 350
t 554 5 1129
t 555 0 57
t 555 4 940
t 555 5 996
t 556 2 586
t 556 3 488
t 556 4 323
t 557 0 154
t 557 1 115
t 557 2 1042
t 557 3 1079
t 557 4 206
t 557 5 974
t 558 0 1087
t 558 1 391
t 558 2 907
t 558 4 303
t 558 5 21
t 559 0 3
t 559 2 660
t 559 3 1197
t 559 4 766
t 560 0 269
t 561 2 53
t 561 3 515
t 561 4 158
t 561 5 1067
t 562 0 593
t 562 2 593
t 562 3 1151
t 563 0 629
t 563 2 457
t 563 3 1078
t 563 4 314
t 564 1 139
t 564 4 350
t 564 5 27
t 565 1 264
t 565 3 27
t 566 0 126
t 566 1 606
t 566 2 772
t 566 3 536
t 566 4 325
t 566 5 235
t 567 0 587
t 567 1 268
t 567 2 237
t 567 3 1195
t 568 0 350
t 568 1 728
t 568 2 350
t 568 3 405
t 568 4 350
t 568 5 1129
t 569 0 752
t 569 1 23
t 569 2 259
t 569 3 753
t 569 4 765
t 569 5 465
t 570 0 615
t 570 4 966
t 570 5 951
t 571 2 833
t 571 3 869
t 572 1 1002
t 572 4 929
t 573 0 814
t 573 1 843
t 573 2 1003
t 573 3 1241
t 573 4 1223
t 573 5 956
t 574 1 1226
t 574 2 779
t 575 0 85
t 575 1 1054
t 575 2 849
t 575 3 932
t 576 2 857
t 576 3 823
t 576 4 865
t 577 0 752
t 577 1 183
t 577 2 1132
t 577 3 799
t 577 4 1039
t 577 5 498
t 578 2 348
t 578 4 598
t 578 5 781
t 579 0 47
t 579 2 638
t 579 3 542
t 579 4 1227
t 579 5 654
t 580 0 152
t 580 1 62
t 580 4 766
t 581 0 880
t 581 1 15
t 581 2 521
t 581 4 521
t 582 2 279
t 582 4 1165
t 582 5 1144
t 583 0 1051
t 583 2 727
t 583 3 309
t 584 0 175
t 584 1 1246
t 584 2 700
t 584 3 1148
t 584 4 743
t 585 0 786
t 585 1 894
t 585 2 742
t 586 1 967
t 586 2 497
t 586 3 597
t 586 4 806
t 587 0 450
t 587 1 104
t 587 2 754
t 588 0 876
t 588 1 286
t 588 2 857
t 588 3 798
t 588 4 865
t 589 4 1167
t 590 0 350
t 590 1 728
t 590 2 350
t 590 3 405
t 590 4 350
t 590 5 1074
t 591 0 1149
t 591 1 810
t 591 4 940
t 591 5 223
t 592 0 927
t 592 1 980
t 592 2 271
t 592 3 724
t 592 4 1165
t 593 0 1043
t 593 2 1043
t 593 3 1043
t 594 0 211
t 594 1 150
t 594 2 994
t 594 4 294
t 594 5 932
t 595 0 20
t 595 2 53
t 595 3 427
t 595 4 1020
t 596 0 106
t 596 1 55
t 596 2 573
t 596 3 1175
t 596 4 394
t 596 5 1128
t 597 4 908
t 598 0 927
t 598 1 335
t 598 2 815
t 598 3 399
t 598 4 1165
t 599 0 768
t 599 1 333
t 599 2 306
t 599 3 762
t 599 4 1073
t 599 5 368
t 600 2 350
t 600 3 1104
t 600 4 350
t 600 5 144
t 601 0 140
t 601 1 964
t 601 2 727
t 601 3 560
t 602 0 42
t 602 2 1161
t 602 4 921
t 602 5 890
t 603 4 784
t 604 0 682
t 604 2 684
t 604 4 1227
t 604 5 654
t 605 2 67
t 605 4 744
t 606 0 26
t 606 2 923
t 606 3 1219
t 606 4 865
t 606 5 52
t 607 0 699
t 607 2 191
t 607 3 734
t 607 4 919
t 607 5 1207
t 608 2 1001
t 608 4 908
t 609 0 200
t 609 1 561
t 609 2 219
t 609 3 797
t 609 4 108
t 609 5 683
t 610 0 816
t 610 1 4
t 610 2 481
t 610 3 62
t 610 4 766
t 611 0 671
t 611 2 494
t 611 4 1073
t 611 5 48
t 612 0 677
t 612 2 484
t 612 3 839
t 612 4 347
t 612 5 1095
t 613 1 1156
t 613 2 167
t 613 4 598
t 614 2 508
t 614 4 314
t 615 0 397
t 615 4 921
t 615 5 890
t 616 0 89
t 616 2 349
t 616 3 382
t 616 4 282
t 617 0 405
t 617 1 478
t 617 2 405
t 617 4 350
t 617 5 790
t 618 0 728
t 618 2 350
t 618 3 139
t 618 4 350
t 619 0 404
t 619 1 205
t 619 2 1164
t 619 4 1057
t 620 1 340
t 620 2 241
t 621 0 149
t 621 1 528
t 621 2 101
t 621 3 762
t 621 4 1187
t 621 5 710
t 622 0 416
t 622 2 1224
t 622 3 707
t 622 4 906
t 623 0 349
t 623 2 868
t 623 3 551
t 623 4 282
t 624 1 246
t 624 2 820
t 624 4 929
t 624 5 100
t 625 1 207
t 625 2 1129
t 626 3 281
t 626 4 247
t 627 0 405
t 627 1 478
t 627 2 405
t 627 4 350
t 627 5 269
t 628 0 978
t 628 1 917
t 628 4 744
t 629 0 559
t 629 2 185
t 629 3 319
t 629 4 744
t 630 0 1027
t 630 3 651
t 630 4 465
t 631 0 795
t 631 1 651
t 631 4 465
t 632 0 609
t 632 1 836
t 632 2 1221
t 632 3 86
t 632 4 295
t 632 5 304
t 633 2 527
t 633 4 908
t 634 0 448
t 634 1 341
t 634 2 110
t 634 4 482
t 634 5 869
t 635 2 405
t 635 4 350
t 635 5 775
t 636 0 837
t 636 2 1189
t 636 4 940
t 636 5 996
t 637 0 513
t 637 2 1161
t 637 4 1073
t 637 5 48
t 638 0 1153
t 638 1 115
t 638 2 653
t 638 3 363
t 638 4 90
t 638 5 353
t 639 1 1181
t 639 4 646
t 640 2 823
t 640 4 1073
t 640 5 368
t 641 0 517
t 641 2 118
t 641 4 425
t 641 5 492
t 642 1 928
t 642 2 153
t 642 4 59
t 642 5 410
t 643 0 1186
t 643 1 476
t 643 3 532
t 643 4 687
t 644 0 478
t 644 2 405
t 644 4 350
t 644 5 1151
t 645 1 1226
t 645 2 833
t 646 0 535
t 646 1 335
t 646 2 289
t 646 3 907
t 646 4 929
t 647 2 497
t 647 3 597
t 647 4 806
t 648 0 794
t 648 2 601
t 648 3 223
t 649 1 1010
t 649 2 248
t 649 4 248
t 650 1 1005
t 650 2 231
t 650 3 29
t 650 4 323
t 651 4 1023
t 652 0 553
t 652 1 1169
t 652 2 110
t 652 4 598
t 653 0 1089
t 653 1 5
t 653 2 787
t 653 3 810
t 653 4 940
t 653 5 223
t 654 0 531
t 654 2 531
t 655 0 1203
t 655 1 413
t 655 2 1055
t 655 3 989
t 655 4 1039
t 656 1 319
t 656 4 744
t 657 0 114
t 657 2 601
t 657 3 492
t 658 1 207
t 658 2 1129
t 658 3 352
t 659 0 180
t 659 2 188
t 659 4 898
t 659 5 1069
t 660 0 1063
t 660 1 725
t 660 2 1063
t 660 3 790
t 660 4 1063
t 661 0 998
t 661 1 618
t 661 2 297
t 661 3 1002
t 661 4 1165
t 662 2 772
t 662 3 1154
t 662 4 621
t 662 5 852
t 663 0 664
t 663 2 756
t 663 3 659
t 663 4 773
t 663 5 812
t 664 0 530
t 664 2 566
t 664 3 96
t 664 4 526
t 664 5 689
t 665 0 824
t 665 1 1062
t 665 2 907
t 665 4 929
t 666 0 1084
t 666 1 811
t 666 2 848
t 666 3 534
t 666 4 1057
t 667 0 876
t 667 1 1246
t 667 2 1173
t 667 3 164
t 667 4 865
t 668 0 1089
t 668 1 739
t 668 2 912
t 668 3 318
t 668 4 598
t 669 0 369
t 669 4 330
t 669 5 250
t 670 0 728
t 670 2 350
t 670 3 478
t 670 4 350
t 670 5 593
t 671 0 1072
t 671 2 837
t 671 4 482
t 671 5 243
t 672 0 1024
t 672 2 1004
t 672 3 406
t 672 4 1057
t 673 0 593
t 673 2 982
t 674 0 540
t 674 1 798
t 674 4 59
t 675 0 1152
t 675 1 775
t 675 2 1152
t 675 4 1063
t 676 1 1019
t 676 2 624
t 676 4 1196
t 676 5 1120
t 677 0 595
t 677 2 857
t 677 3 823
t 677 4 865
t 678 0 426
t 678 1 419
t 678 2 1099
t 678 3 759
t 678 4 59
t 679 0 540
t 679 1 164
t 679 4 59
t 680 0 1087
t 680 1 644
t 680 2 509
t 680 4 590
t 680 5 178
t 681 0 405
t 681 1 478
t 681 2 405
t 681 4 350
t 681 5 144
t 682 0 137
t 682 2 135
t 682 4 1073
t 682 5 368
t 683 1 1021
t 683 2 779
t 683 3 39
t 684 0 652
t 684 1 726
t 684 2 1212
t 684 4 90
t 684 5 353
t 685 0 847
t 685 4 465
t 686 0 851
t 686 2 839
t 686 4 1227
t 686 5 654
t 687 0 895
t 687 1 479
t 687 3 1025
t 687 4 468
t 688 0 1211
t 688 1 44
t 688 2 1099
t 688 3 797
t 688 4 293
t 688 5 241
t 689 2 1233
t 689 3 370
t 689 4 852
t 690 0 490
t 690 1 971
t 690 2 239
t 690 3 656
t 690 4 314
t 691 0 1204
t 691 1 635
t 691 2 208
t 691 4 303
t 691 5 764
t 692 2 521
t 692 4 521
t 693 1 213
t 693 2 914
t 693 4 303
t 693 5 21
t 694 0 917
t 694 4 744
t 695 0 1063
t 695 1 725
t 695 2 1063
t 695 3 723
t 695 4 1063
t 696 0 1202
t 696 2 436
t 696 3 258
t 696 4 314
t 697 2 123
t 697 4 921
t 697 5 890
t 698 0 959
t 698 1 1256
t 698 2 789
t 698 3 67
t 698 4 744
t 699 0 728
t 699 2 350
t 699 3 1104
t 699 4 350
t 699 5 207
t 700 0 146
t 700 1 402
t 700 2 704
t 700 3 372
t 700 4 1039
t 701 0 595
t 701 2 431
t 701 3 882
t 701 4 842
t 701 5 791
t 702 0 535
t 702 1 1201
t 702 2 1220
t 702 3 509
t 702 4 214
t 702 5 310
t 703 0 1022
t 703 1 1158
t 703 4 646
t 703 5 933
t 704 0 993
t 704 1 392
t 704 2 1012
t 704 3 730
t 704 4 201
t 704 5 565
t 705 0 577
t 705 1 1130
t 705 2 569
t 705 3 911
t 705 4 1015
t 705 5 468
t 706 0 496
t 706 2 787
t 706 3 717
t 706 4 425
t 706 5 492
t 707 0 478
t 707 2 478
t 707 4 350
t 708 0 1085
t 709 0 97
t 709 2 653
t 709 3 882
t 709 4 90
t 709 5 353
t 710 2 117
t 710 3 869
t 711 0 20
t 711 2 792
t 711 3 118
t 711 4 873
t 711 5 538
t 712 0 665
t 712 1 1169
t 712 2 184
t 712 4 646
t 713 4 133
t 714 0 41
t 714 3 173
t 714 4 934
t 715 0 1108
t 715 2 1108
t 715 4 1108
t 716 2 645
t 716 3 368
t 717 0 307
t 717 2 328
t 717 4 312
t 717 5 309
t 718 0 1202
t 718 2 457
t 718 3 891
t 718 4 314
t 719 0 1232
t 719 1 119
t 719 3 310
t 720 0 450
t 720 1 673
t 720 2 754
t 721 0 1063
t 721 1 741
t 721 2 1063
t 721 3 1167
t 721 4 1063
t 722 0 140
t 722 1 673
t 722 2 272
t 723 0 1043
t 723 1 1043
t 723 4 1043
t 724 1 1104
t 724 2 1168
t 724 4 350
t 725 0 1043
t 725 2 1043
t 725 3 1043
t 725 4 1043
t 726 0 212
t 726 2 192
t 726 4 940
t 726 5 223
t 727 0 982
t 727 1 593
t 727 2 982
t 727 3 269
t 728 0 1043
t 728 2 1043
t 728 3 1043
t 728 4 1043
t 728 5 1043
t 729 0 120
t 729 2 163
t 729 3 204
t 729 4 919
t 729 5 736
t 730 0 1107
t 730 1 957
t 730 4 350
t 730 5 27
t 731 4 32
t 732 4 736
t 733 0 616
t 733 2 623
t 733 3 1228
t 733 4 899
t 734 2 1104
t 734 4 350
t 734 5 144
t 735 1 1043
t 735 3 1043
t 735 4 1043
t 736 2 741
t 736 3 775
t 736 4 741
t 737 0 900
t 737 2 861
t 737 3 368
t 738 0 162
t 738 2 1106
t 738 3 707
t 738 4 1165
t 739 0 618
t 739 2 1106
t 739 3 60
t 739 4 1165
t 740 2 1071
t 740 4 1165
t 740 5 1144
t 741 2 1043
t 741 3 1043
t 741 4 1043
t 742 0 221
t 742 1 925
t 742 2 178
t 743 0 1203
t 743 1 622
t 743 2 704
t 743 3 184
t 743 4 1039
t 744 0 1215
t 744 1 1044
t 744 2 695
t 744 3 1209
t 744 4 766
t 745 0 380
t 745 2 1157
t 745 4 1157
t 746 0 957
t 746 4 350
t 746 5 269
t 747 0 379
t 747 4 428
t 748 0 496
t 748 2 661
t 748 3 515
t 748 4 482
t 748 5 869
t 749 2 459
t 749 4 32
t 750 0 523
t 750 1 1095
t 750 3 274
t 751 0 1170
t 751 2 454
t 751 4 898
t 751 5 1069
t 752 0 331
t 752 1 256
t 752 2 487
t 752 3 1143
t 752 4 201
t 752 5 109
t 753 0 1218
t 753 1 1029
t 753 4 214
t 753 5 841
t 754 0 982
t 754 1 593
t 754 2 982
t 754 3 27
t 755 1 605
t 755 2 979
t 755 4 314
t 756 0 1252
t 756 1 159
t 756 2 371
t 756 3 570
t 756 4 825
t 756 5 61
t 757 0 1111
t 757 1 853
t 757 2 754
t 757 3 21
t 758 0 517
t 758 2 1066
t 758 4 482
t 758 5 869
t 759 1 1156
t 759 2 989
t 759 4 646
t 760 0 941
t 760 1 442
t 760 2 889
t 760 3 1016
t 760 4 598
t 761 1 1041
t 761 4 109
t 762 0 448
t 762 1 182
t 762 2 110
t 762 4 482
t 762 5 869
t 763 0 350
t 763 1 838
t 763 2 350
t 763 3 1168
t 763 4 350
t 763 5 144
t 764 1 775
t 764 2 504
t 764 4 504
t 765 0 947
t 765 1 407
t 765 2 232
t 765 3 509
t 765 4 524
t 765 5 973
t 766 0 1063
t 766 1 725
t 766 2 1063
t 766 3 1152
t 766 4 1063
t 767 0 1046
t 767 1 986
t 767 2 944
t 767 4 329
t 767 5 649
t 768 0 858
t 768 1 1199
t 768 2 889
t 768 3 1214
t 768 4 482
t 768 5 869
t 769 2 37
t 769 4 744
t 770 0 550
t 770 2 1088
t 770 3 321
t 770 4 262
t 771 0 1056
t 771 1 1176
t 771 2 871
t 771 3 174
t 772 0 1159
t 772 1 26
t 772 2 923
t 772 3 1219
t 772 4 865
t 772 5 52
t 773 0 1047
t 773 1 1243
t 773 2 904
t 773 3 1105
t 773 4 77
t 773 5 172
t 774 0 200
t 774 1 528
t 774 2 700
t 774 3 91
t 774 4 108
t 774 5 683
t 775 2 1043
t 775 4 1043
t 776 2 1104
t 776 4 350
t 777 3 915
t 777 4 498
t 778 0 634
t 778 1 137
t 778 2 135
t 778 4 1073
t 778 5 368
t 779 1 961
t 779 2 1249
t 780 2 143
t 780 3 527
t 780 4 908
t 781 4 1144
t 782 0 752
t 782 1 421
t 782 2 1132
t 782 3 799
t 782 4 1039
t 782 5 498
t 783 2 661
t 783 3 1181
t 783 4 598
t 784 0 1043
t 784 1 1043
t 784 3 1043
t 784 4 1043
t 785 0 260
t 785 1 751
t 785 2 960
t 785 4 939
t 785 5 98
t 786 0 221
t 786 1 844
t 786 2 178
t 787 0 998
t 787 1 81
t 787 2 70
t 787 3 746
t 787 4 330
t 787 5 560
t 788 0 199
t 788 1 536
t 788 4 902
t 788 5 544
t 789 0 721
t 789 1 3
t 789 2 130
t 789 3 408
t 789 4 766
t 790 4 1043
t 791 0 105
t 791 3 223
t 792 0 860
t 792 1 990
t 792 2 1028
t 792 3 746
t 792 4 227
t 792 5 119
t 793 0 1108
t 793 2 1108
t 793 4 725
t 794 0 673
t 794 2 272
t 795 0 170
t 795 1 603
t 795 4 1023
t 796 0 593
t 796 2 982
t 796 3 1151
t 797 1 112
t 797 2 989
t 797 4 1196
t 797 5 39
t 798 4 598
t 799 1 963
t 799 4 929
t 799 5 100
t 800 4 725
t 801 1 1219
t 801 4 59
t 801 5 410
t 802 0 813
t 803 0 327
t 803 1 256
t 803 2 163
t 803 3 963
t 803 4 906
t 803 5 355
t 804 3 1041
t 804 4 109
t 805 0 131
t 805 3 975
t 805 4 1023
t 806 1 49
t 806 2 317
t 806 3 1001
t 806 4 908
t 807 3 651
t 807 4 465
t 808 2 135
t 808 4 1073
t 808 5 368
t 809 0 840
t 809 2 912
t 809 3 1066
t 809 4 598
t 810 0 60
t 810 4 330
t 810 5 560
t 811 2 483
t 811 3 35
t 811 4 11
t 812 0 127
t 812 2 770
t 812 3 129
t 812 4 1253
t 813 0 1232
t 814 0 501
t 814 1 988
t 814 2 943
t 814 3 801
t 814 4 134
t 814 5 910
t 815 0 350
t 815 1 728
t 815 2 350
t 815 3 1107
t 815 4 350
t 816 0 1063
t 816 1 741
t 816 2 1063
t 816 3 790
t 816 4 1063
t 817 0 439
t 817 2 1173
t 817 3 758
t 817 4 1187
t 817 5 710
t 818 0 350
t 818 1 838
t 818 2 350
t 818 3 976
t 818 4 350
t 818 5 27
t 819 1 571
t 819 2 574
t 819 3 241
t 820 1 1104
t 820 2 1168
t 820 4 350
t 820 5 1167
t 821 0 728
t 821 2 350
t 821 3 1104
t 821 4 350
t 821 5 144
t 822 0 690
t 822 1 866
t 822 2 84
t 822 3 1163
t 822 4 11
t 823 2 427
t 823 4 598
t 824 0 405
t 824 1 1104
t 824 2 405
t 824 4 350
t 824 5 27
t 825 0 365
t 825 1 701
t 825 2 522
t 825 3 684
t 825 4 347
t 825 5 1095
t 826 0 51
t 826 1 602
t 826 2 944
t 826 4 902
t 826 5 544
t 827 2 87
t 827 3 732
t 827 4 32
t 828 1 856
t 828 2 649
t 828 4 649
t 829 0 794
t 829 2 722
t 830 0 821
t 830 2 1106
t 830 3 307
t 830 4 432
t 830 5 22
t 831 2 272
t 831 3 22
t 832 0 350
t 832 1 728
t 832 2 350
t 832 3 976
t 832 4 350
t 832 5 27
t 833 1 961
t 833 2 625
t 834 0 822
t 834 1 903
t 834 2 284
t 834 3 863
t 834 4 1057
t 835 0 688
t 835 1 1007
t 835 2 557
t 835 3 86
t 835 4 294
t 835 5 932
t 836 0 439
t 836 2 431
t 836 3 641
t 836 4 388
t 836 5 1248
t 837 0 447
t 837 2 447
t 837 4 1165
t 837 5 1144
t 838 2 1043
t 838 3 1043
t 838 4 1043
t 838 5 1043
t 839 0 12
t 839 2 882
t 839 4 90
t 839 5 353
t 840 0 162
t 840 2 297
t 840 3 776
t 840 4 1165
t 841 0 723
t 841 1 186
t 841 4 723
t 842 0 343
t 842 1 862
t 842 2 357
t 842 3 192
t 842 4 873
t 842 5 538
t 843 0 606
t 843 2 772
t 843 3 536
t 843 4 325
t 843 5 235
t 844 2 1074
t 845 0 114
t 845 2 722
t 845 3 869
t 846 0 442
t 846 2 912
t 846 3 318
t 846 4 598
t 847 0 975
t 847 4 1023
t 848 0 690
t 848 1 563
t 848 2 84
t 848 3 1163
t 848 4 11
t 849 0 68
t 849 1 648
t 849 2 567
t 849 3 974
t 850 0 424
t 850 3 790
t 850 4 424
t 851 0 758
t 851 2 12
t 851 4 1073
t 851 5 368
t 852 2 827
t 852 3 749
t 852 4 883
t 853 2 982
t 853 3 144
t 854 0 26
t 854 2 935
t 854 3 555
t 854 4 842
t 854 5 934
t 855 0 391
t 855 2 627
t 855 4 312
t 855 5 309
t 856 2 248
t 856 4 248
t 857 0 495
t 857 1 16
t 857 2 53
t 857 3 1181
t 857 4 1020
t 858 0 763
t 858 1 600
t 858 2 271
t 858 3 1068
t 858 4 432
t 858 5 22
t 859 0 712
t 859 1 885
t 859 2 36
t 859 4 59
t 860 0 350
t 860 1 838
t 860 2 350
t 860 3 139
t 860 4 350
t 860 5 264
t 861 0 324
t 861 2 324
t 862 0 416
t 862 2 1028
t 862 3 328
t 862 4 227
t 862 5 119
t 863 0 50
t 863 1 1011
t 863 4 11
t 864 0 154
t 864 1 846
t 864 2 489
t 864 3 1148
t 864 4 59
t 865 0 343
t 865 1 622
t 865 2 992
t 865 3 110
t 865 4 1020
t 866 2 457
t 866 3 1078
t 866 4 314
t 867 0 909
t 867 1 499
t 867 2 506
t 867 4 646
t 867 5 933
t 868 0 725
t 868 2 725
t 868 3 186
t 868 4 725
t 869 2 22
t 870 0 1043
t 870 1 1043
t 870 3 1043
t 871 0 1141
t 871 1 444
t 871 2 849
t 871 3 274
t 872 0 845
t 872 2 83
t 872 3 368
t 873 0 1239
t 873 1 407
t 873 2 514
t 873 3 627
t 873 4 227
t 873 5 119
t 874 0 1043
t 874 3 1043
t 875 0 728
t 875 2 350
t 875 3 957
t 875 4 350
t 876 0 495
t 876 1 148
t 876 2 53
t 876 3 1181
t 876 4 1020
t 877 2 952
t 877 3 790
t 877 4 952
t 878 1 775
t 878 2 504
t 878 4 1063
t 879 4 841
t 880 0 255
t 880 1 403
t 880 2 360
t 880 4 360
t 881 0 688
t 881 1 529
t 881 2 161
t 881 3 1140
t 881 4 329
t 881 5 620
t 882 0 1066
t 882 2 118
t 882 4 940
t 882 5 223
t 883 2 87
t 883 3 459
t 883 4 32
t 884 1 603
t 884 4 1023
t 885 0 212
t 885 2 110
t 885 4 598
t 886 0 149
t 886 1 999
t 886 2 516
t 886 3 1030
t 886 4 388
t 886 5 1248
t 887 0 1152
t 887 1 775
t 887 2 1152
t 887 4 1152
t 888 0 1107
t 888 1 139
t 888 4 350
t 889 0 455
t 889 1 618
t 889 2 271
t 889 3 1250
t 889 4 1165
t 890 4 781
t 891 2 58
t 891 4 744
t 892 1 651
t 892 4 465
t 893 0 861
t 893 2 2
t 893 3 353
t 894 2 178
t 895 0 537
t 895 1 344
t 895 3 884
t 895 4 465
t 896 0 813
t 896 1 538
t 896 3 1195
t 897 0 1183
t 897 3 1135
t 897 4 687
t 898 0 267
t 898 1 1007
t 898 2 75
t 898 3 505
t 898 4 1227
t 898 5 654
t 899 0 89
t 899 2 868
t 899 3 793
t 899 4 282
t 900 0 400
t 900 2 324
t 900 3 869
t 901 0 186
t 901 4 424
t 902 0 426
t 902 1 809
t 902 2 489
t 902 3 36
t 902 4 59
t 903 0 563
t 903 2 1018
t 903 3 1011
t 903 4 11
t 904 0 445
t 904 1 539
t 904 2 522
t 904 3 922
t 904 4 347
t 904 5 1095
t 905 1 354
t 905 2 820
t 905 4 303
t 905 5 764
t 906 0 350
t 906 1 728
t 906 2 350
t 906 3 405
t 906 4 350
t 906 5 264
t 907 0 405
t 907 1 478
t 907 2 405
t 907 4 350
t 907 5 27
t 908 1 1162
t 908 2 287
t 908 3 1083
t 908 4 133
t 909 0 1097
t 909 1 393
t 909 2 208
t 909 4 929
t 909 5 100
t 910 1 777
t 910 3 79
t 910 4 247
t 911 0 1022
t 911 1 669
t 911 4 702
t 911 5 428
t 912 0 998
t 912 1 875
t 912 2 1106
t 912 3 60
t 912 4 1165
t 913 0 349
t 913 2 349
t 913 3 800
t 913 4 282
t 914 1 1104
t 914 2 1168
t 914 4 350
t 914 5 27
t 915 4 109
t 916 0 876
t 916 1 485
t 916 2 857
t 916 3 798
t 916 4 865
t 917 0 62
t 917 4 766
t 918 0 1091
t 918 1 17
t 918 2 1220
t 918 3 381
t 918 4 590
t 918 5 178
t 919 0 350
t 919 1 728
t 919 2 350
t 919 3 405
t 919 4 350
t 919 5 207
t 920 0 236
t 920 2 236
t 920 4 733
t 921 0 592
t 921 1 738
t 921 2 1082
t 921 3 110
t 921 4 598
t 922 0 926
t 922 1 363
t 922 4 90
t 922 5 353
t 923 0 803
t 923 1 421
t 923 2 1076
t 923 3 1158
t 923 4 1020
t 923 5 552
t 924 1 1197
t 924 4 766
t 925 0 1151
t 925 2 1074
t 926 0 1149
t 926 1 1181
t 926 4 598
t 927 0 350
t 927 1 838
t 927 2 350
t 927 3 1168
t 927 4 350
t 928 2 94
t 928 4 598
t 928 5 781
t 929 0 350
t 929 1 728
t 929 2 350
t 929 3 405
t 929 4 350
t 929 5 27
t 930 0 350
t 930 1 728
t 930 2 350
t 930 3 976
t 930 4 350
t 930 5 264
t 931 0 718
t 931 2 1018
t 931 3 977
t 931 4 11
t 932 0 585
t 932 1 1035
t 932 2 334
t 933 1 589
t 933 4 100
t 934 0 1230
t 934 3 548
t 934 4 438
t 935 0 803
t 935 1 23
t 935 2 6
t 935 3 669
t 935 4 873
t 935 5 438
t 936 0 116
t 936 1 962
t 936 2 525
t 936 3 680
t 936 4 918
t 936 5 742
t 937 2 742
t 938 0 186
t 938 4 723
t 939 0 881
t 939 1 579
t 939 2 549
t 939 3 594
t 939 4 835
t 939 5 174
t 940 0 927
t 940 1 1201
t 940 2 1113
t 940 3 627
t 940 4 330
t 940 5 560
t 941 0 455
t 941 1 249
t 941 2 271
t 941 3 1250
t 941 4 1165
t 942 1 1180
t 942 2 759
t 942 4 59
t 943 0 577
t 943 1 26
t 943 2 782
t 943 3 142
t 943 4 743
t 943 5 247
t 944 0 430
t 944 1 42
t 944 2 867
t 944 4 59
t 944 5 410
t 945 1 176
t 945 2 942
t 945 4 329
t 945 5 620
t 946 0 757
t 946 1 831
t 946 2 720
t 946 3 39
t 947 0 350
t 947 1 838
t 947 2 350
t 947 3 1168
t 947 4 350
t 947 5 1193
t 948 0 1035
t 948 2 334
t 949 2 1184
t 949 3 368
t 950 0 211
t 950 1 682
t 950 2 859
t 950 4 329
t 950 5 620
t 951 0 195
t 951 4 195
t 952 1 1043
t 952 2 1043
t 952 3 1043
t 952 4 1043
t 953 4 282
t 954 2 110
t 954 4 598
t 955 0 913
t 955 2 913
t 955 3 953
t 955 4 899
t 956 1 626
t 956 3 64
t 956 4 910
t 957 0 1043
t 957 4 1043
t 957 5 1043
t 958 0 595
t 958 2 1173
t 958 3 12
t 958 4 865
t 959 0 1215
t 959 1 280
t 959 2 130
t 959 3 878
t 959 4 766
t 960 0 1081
t 960 1 40
t 960 2 25
t 960 4 981
t 960 5 320
t 961 2 1129
t 962 0 821
t 962 2 70
t 962 3 987
t 962 4 312
t 962 5 309
t 963 4 350
t 963 5 790
t 964 0 593
t 964 2 982
t 964 3 269
t 965 2 467
t 965 4 599
t 965 5 290
t 966 0 194
t 966 1 136
t 966 2 122
t 966 3 1212
t 966 4 90
t 966 5 353
t 967 2 143
t 967 3 713
t 967 4 908
t 968 4 10
t 969 0 301
t 969 1 612
t 969 2 359
t 969 3 305
t 969 4 470
t 969 5 750
t 970 0 982
t 970 1 593
t 970 2 982
t 970 3 1074
t 971 2 185
t 971 3 319
t 971 4 744
t 972 0 42
t 972 2 1125
t 972 4 90
t 972 5 195
t 973 0 870
t 973 1 874
t 973 3 1085
t 974 0 283
t 974 1 223
t 975 0 186
t 975 4 784
t 976 1 1043
t 976 4 1043
t 976 5 1043
t 977 0 258
t 977 2 258
t 977 4 314
t 978 0 152
t 978 1 1197
t 978 4 766
t 979 1 390
t 979 2 67
t 979 4 744
t 980 2 350
t 980 3 1104
t 980 4 350
t 981 0 678
t 981 1 709
t 981 2 557
t 981 3 994
t 981 4 113
t 981 5 274
t 982 0 1043
t 982 1 1043
t 982 2 1043
t 982 3 1043
t 983 2 398
t 983 4 921
t 983 5 890
t 984 2 722
t 985 0 286
t 985 2 1173
t 985 3 164
t 985 4 865
t 986 2 1161
t 986 4 1073
t 986 5 48
t 987 0 478
t 987 2 478
t 987 4 350
t 987 5 1151
t 988 2 923
t 988 3 1219
t 988 4 865
t 988 5 52
t 989 1 446
t 989 2 914
t 989 4 929
t 990 0 728
t 990 2 350
t 990 3 957
t 990 4 350
t 990 5 874
t 991 0 405
t 991 1 1104
t 991 2 405
t 991 4 350
t 991 5 144
t 992 0 1093
t 992 1 392
t 992 2 38
t 992 3 1033
t 992 4 906
t 993 0 350
t 993 1 838
t 993 2 350
t 993 3 976
t 993 4 350
t 993 5 1193
t 994 0 712
t 994 1 726
t 994 2 1127
t 994 4 206
t 994 5 974
t 995 3 790
t 995 4 784
t 996 0 250
t 996 4 250
t 997 0 162
t 997 2 70
t 997 3 328
t 997 4 330
t 997 5 560
t 998 0 350
t 998 1 838
t 998 2 350
t 998 3 139
t 998 4 350
t 999 0 607
t 999 2 792
t 999 3 717
t 999 4 165
t 999 5 1006
t 1000 0 1182
t 1000 1 193
t 1000 2 487
t 1000 3 263
t 1000 4 568
t 1000 5 133
t 1001 1 233
t 1001 2 1083
t 1001 4 133
t 1002 4 350
t 1003 0 501
t 1003 1 606
t 1003 2 943
t 1003 3 801
t 1003 4 134
t 1003 5 910
t 1004 0 1155
t 1004 1 362
t 1004 2 1018
t 1004 3 1011
t 1004 4 11
t 1005 2 497
t 1005 3 633
t 1005 4 806
t 1006 0 102
t 1006 2 80
t 1006 3 309
t 1007 0 748
t 1007 2 653
t 1007 3 641
t 1007 4 452
t 1007 5 531
t 1008 0 478
t 1008 2 405
t 1008 4 350
t 1008 5 790
t 1009 2 1129
t 1009 3 144
t 1010 2 1120
t 1010 4 1120
t 1011 0 694
t 1011 4 314
t 1012 0 350
t 1012 1 728
t 1012 2 350
t 1012 3 1107
t 1012 4 350
t 1012 5 1193
t 1013 2 1063
t 1013 3 790
t 1013 4 1063
t 1014 1 983
t 1014 2 642
t 1014 4 902
t 1014 5 544
t 1015 0 1203
t 1015 1 862
t 1015 2 1222
t 1015 3 520
t 1015 4 765
t 1015 5 719
t 1016 1 1002
t 1016 4 1165
t 1017 0 266
t 1017 2 610
t 1017 3 311
t 1017 4 744
t 1018 0 434
t 1018 1 1065
t 1018 2 436
t 1018 3 694
t 1018 4 314
t 1019 2 279
t 1019 4 432
t 1019 5 285
t 1020 0 1239
t 1020 1 292
t 1020 2 38
t 1020 3 399
t 1020 4 906
t 1021 2 625
t 1021 3 22
t 1022 0 1218
t 1022 1 963
t 1022 4 929
t 1022 5 100
t 1023 0 784
t 1023 1 424
t 1023 3 723
t 1023 4 784
t 1024 0 718
t 1024 2 483
t 1024 3 35
t 1024 4 11
t 1025 0 795
t 1025 1 847
t 1025 4 465
t 1026 0 1178
t 1026 1 1179
t 1026 2 722
t 1027 0 131
t 1027 3 603
t 1027 4 1023
t 1028 0 350
t 1028 1 728
t 1028 2 350
t 1028 3 957
t 1028 4 350
t 1028 5 874
t 1029 0 957
t 1029 4 350
t 1029 5 186
t 1030 0 448
t 1030 1 855
t 1030 2 192
t 1030 4 425
t 1030 5 492
t 1031 1 647
t 1031 2 231
t 1031 3 373
t 1031 4 323
t 1032 0 430
t 1032 1 342
t 1032 2 1208
t 1032 4 206
t 1032 5 125
t 1033 0 1107
t 1033 1 957
t 1033 4 350
t 1034 0 814
t 1034 1 386
t 1034 2 1003
t 1034 3 1241
t 1034 4 1223
t 1034 5 956
t 1035 0 1040
t 1035 2 742
t 1036 0 1000
t 1036 1 364
t 1036 2 1132
t 1036 3 905
t 1036 4 216
t 1036 5 908
t 1037 0 291
t 1037 2 508
t 1037 4 314
t 1038 0 802
t 1038 1 791
t 1038 3 974
t 1039 0 947
t 1039 1 292
t 1039 2 1012
t 1039 3 907
t 1039 4 201
t 1039 5 565
t 1040 0 925
t 1040 2 178
t 1041 4 735
t 1042 0 273
t 1042 1 5
t 1042 2 525
t 1042 3 230
t 1042 4 702
t 1042 5 1195
t 1044 0 725
t 1044 2 1063
t 1044 3 1108
t 1044 4 1063
t 1045 0 548
t 1045 4 438
t 1046 0 477
t 1046 1 1064
t 1046 2 867
t 1046 4 293
t 1046 5 248
t 1047 0 463
t 1047 1 145
t 1047 2 1247
t 1047 3 1124
t 1047 4 621
t 1047 5 949
t 1048 0 843
t 1048 2 371
t 1048 3 570
t 1048 4 825
t 1048 5 61
t 1049 0 437
t 1049 1 148
t 1049 2 300
t 1049 3 1016
t 1049 4 1020
t 1050 0 343
t 1050 1 413
t 1050 2 300
t 1050 3 167
t 1050 4 1020
t 1051 0 593
t 1051 2 982
t 1051 3 144
t 1052 2 1152
t 1052 4 1152
t 1053 0 412
t 1053 1 275
t 1053 2 1112
t 1053 3 8
t 1053 4 134
t 1054 0 845
t 1054 2 18
t 1054 3 531
t 1055 0 993
t 1055 1 1205
t 1055 2 480
t 1055 3 564
t 1055 4 201
t 1055 5 565
t 1056 0 85
t 1056 1 13
t 1056 2 169
t 1056 3 620
t 1057 0 507
t 1057 1 696
t 1057 2 265
t 1057 3 197
t 1057 4 11
t 1058 0 41
t 1058 3 1045
t 1058 4 934
t 1059 0 699
t 1059 2 1028
t 1059 3 987
t 1059 4 298
t 1059 5 562
t 1060 0 814
t 1060 1 159
t 1060 2 302
t 1060 3 378
t 1060 4 470
t 1060 5 643
t 1061 2 297
t 1061 3 776
t 1061 4 1165
t 1062 2 405
t 1062 4 350
t 1063 0 1043
t 1063 1 1043
t 1063 2 1043
t 1063 3 1043
t 1063 4 1043
t 1064 2 348
t 1064 4 482
t 1064 5 243
t 1065 0 559
t 1065 2 610
t 1065 3 917
t 1065 4 744
t 1066 0 707
t 1066 2 707
t 1066 4 1165
t 1067 2 1217
t 1067 3 22
t 1068 1 1104
t 1068 2 1168
t 1068 4 350
t 1068 5 144
t 1069 0 1240
t 1069 2 1240
t 1069 4 1240
t 1070 0 1114
t 1070 1 694
t 1070 4 314
t 1071 2 1104
t 1071 4 350
t 1071 5 790
t 1072 0 1172
t 1072 2 447
t 1072 4 432
t 1072 5 285
t 1073 0 858
t 1073 1 830
t 1073 2 1082
t 1073 3 1086
t 1073 4 482
t 1073 5 869
t 1074 0 1043
t 1074 1 1043
t 1074 2 1043
t 1075 2 167
t 1075 4 482
t 1075 5 869
t 1076 0 327
t 1076 1 1192
t 1076 2 163
t 1076 3 963
t 1076 4 906
t 1076 5 355
t 1077 4 933
t 1078 4 744
t 1079 0 389
t 1079 1 810
t 1079 4 702
t 1079 5 1195
t 1080 4 952
t 1081 0 51
t 1081 1 429
t 1081 2 944
t 1081 4 902
t 1081 5 544
t 1082 0 455
t 1082 1 875
t 1082 2 815
t 1082 3 1033
t 1082 4 1165
t 1083 1 775
t 1083 2 504
t 1083 4 952
t 1084 0 507
t 1084 1 387
t 1084 2 84
t 1084 3 755
t 1084 4 11
t 1085 0 1043
t 1085 1 1043
t 1086 0 991
t 1086 1 391
t 1086 2 399
t 1086 4 432
t 1086 5 22
t 1087 0 405
t 1087 1 1104
t 1087 2 405
t 1087 4 350
t 1087 5 352
t 1088 0 955
t 1088 2 270
t 1088 3 1238
t 1088 4 733
t 1089 0 998
t 1089 1 249
t 1089 2 297
t 1089 3 1002
t 1089 4 1165
t 1090 0 412
t 1090 1 985
t 1090 2 584
t 1090 3 679
t 1090 4 134
t 1091 0 350
t 1091 1 838
t 1091 2 350
t 1091 3 1168
t 1091 4 350
t 1091 5 352
t 1092 0 729
t 1092 2 1076
t 1092 3 132
t 1092 4 158
t 1092 5 32
t 1093 0 350
t 1093 1 838
t 1093 2 350
t 1093 3 976
t 1093 4 350
t 1093 5 264
t 1094 0 226
t 1094 2 31
t 1094 4 31
t 1095 0 141
t 1095 3 353
t 1096 0 916
t 1096 1 539
t 1096 2 484
t 1096 3 1123
t 1096 4 347
t 1096 5 1095
t 1097 0 405
t 1097 1 1104
t 1097 2 405
t 1097 4 350
t 1097 5 1167
t 1098 0 170
t 1098 1 975
t 1098 4 1023
t 1099 0 273
t 1099 1 442
t 1099 2 338
t 1099 3 572
t 1099 4 646
t 1100 0 728
t 1100 2 350
t 1100 3 478
t 1100 4 350
t 1100 5 207
t 1101 0 283
t 1102 4 100
t 1103 0 24
t 1103 1 63
t 1103 2 1198
t 1103 3 945
t 1103 4 252
t 1103 5 440
t 1104 2 1043
t 1104 4 1043
t 1104 5 1043
t 1105 0 435
t 1105 1 150
t 1105 2 684
t 1105 4 1227
t 1105 5 654
t 1106 0 350
t 1106 1 728
t 1106 2 350
t 1106 3 957
t 1106 4 350
t 1107 0 1043
t 1107 1 1043
t 1107 4 1043
t 1107 5 1043
t 1108 0 1043
t 1108 2 1043
t 1108 4 1043
t 1109 2 1076
t 1109 3 132
t 1109 4 158
t 1109 5 32
t 1110 0 462
t 1110 1 1116
t 1110 2 348
t 1110 4 598
t 1110 5 781
t 1111 0 982
t 1111 1 207
t 1111 2 982
t 1111 3 352
t 1112 0 175
t 1112 1 286
t 1112 2 219
t 1112 3 639
t 1112 4 743
t 1113 0 350
t 1113 1 728
t 1113 2 350
t 1113 3 1107
t 1113 4 350
t 1113 5 269
t 1114 0 978
t 1114 1 319
t 1114 4 744
t 1115 0 1026
t 1115 1 648
t 1115 2 18
t 1115 3 353
t 1116 2 617
t 1116 4 1165
t 1116 5 1144
t 1117 0 725
t 1117 2 1063
t 1117 3 775
t 1117 4 1063
t 1118 4 723
t 1119 0 596
t 1119 1 663
t 1119 2 74
t 1119 3 785
t 1119 4 512
t 1119 5 351
t 1120 1 14
t 1120 2 764
t 1120 4 764
t 1121 1 1181
t 1121 4 598
t 1122 0 1117
t 1122 2 481
t 1122 3 245
t 1122 4 766
t 1123 0 164
t 1123 4 90
t 1123 5 353
t 1124 1 1075
t 1124 2 613
t 1124 4 1073
t 1124 5 368
t 1125 0 462
t 1125 1 253
t 1125 2 224
t 1125 4 940
t 1125 5 996
t 1126 0 494
t 1126 2 636
t 1126 4 90
t 1126 5 195
t 1127 0 665
t 1127 1 443
t 1127 2 520
t 1127 4 702
t 1127 5 1195
t 1128 1 556
t 1128 2 1031
t 1128 3 547
t 1128 4 650
t 1129 1 1043
t 1129 2 1043
t 1129 3 1043
t 1130 0 421
t 1130 2 6
t 1130 3 669
t 1130 4 873
t 1130 5 438
t 1131 0 745
t 1131 2 360
t 1131 4 360
t 1132 0 331
t 1132 1 1192
t 1132 2 487
t 1132 3 1143
t 1132 4 201
t 1132 5 109
t 1133 2 276
t 1133 4 806
t 1134 0 1234
t 1134 2 653
t 1134 3 363
t 1134 4 90
t 1134 5 353
t 1135 0 685
t 1135 4 468
t 1136 0 1194
t 1136 2 1194
t 1136 4 1194
t 1137 0 1111
t 1137 1 796
t 1137 2 299
t 1137 3 178
t 1138 2 775
t 1138 4 1063
t 1139 2 1076
t 1139 3 1158
t 1139 4 1020
t 1139 5 552
t 1140 1 1075
t 1140 2 759
t 1140 4 293
t 1140 5 241
t 1141 0 68
t 1141 1 984
t 1141 2 313
t 1142 0 1186
t 1142 1 474
t 1142 3 545
t 1142 4 687
t 1143 1 139
t 1143 4 350
t 1143 5 1167
t 1144 4 790
t 1145 0 1107
t 1145 1 957
t 1145 4 350
t 1145 5 723
t 1146 2 741
t 1146 3 790
t 1146 4 741
t 1147 0 1092
t 1147 2 923
t 1147 3 222
t 1147 4 1187
t 1147 5 883
t 1148 0 389
t 1148 1 318
t 1148 4 646
t 1149 0 888
t 1149 1 1002
t 1149 4 1165
t 1150 0 1049
t 1150 1 1246
t 1150 2 101
t 1150 3 461
t 1150 4 865
t 1151 0 1043
t 1151 2 1043
t 1152 0 1043
t 1152 1 1043
t 1152 2 1043
t 1152 4 1043
t 1153 0 1089
t 1153 1 168
t 1153 2 661
t 1153 3 1181
t 1153 4 598
t 1154 2 123
t 1154 4 1073
t 1154 5 48
t 1155 0 434
t 1155 1 971
t 1155 2 457
t 1155 3 1078
t 1155 4 314
t 1156 2 724
t 1156 4 1165
t 1157 0 1152
t 1157 1 1108
t 1157 2 1152
t 1157 4 1152
t 1158 4 1165
t 1158 5 1144
t 1159 0 803
t 1159 1 183
t 1159 2 1076
t 1159 3 1158
t 1159 4 1020
t 1159 5 552
t 1160 1 790
t 1160 4 784
t 1161 0 462
t 1161 1 499
t 1161 2 348
t 1161 4 598
t 1161 5 781
t 1162 2 952
t 1162 3 775
t 1162 4 952
t 1163 1 1078
t 1163 4 314
t 1164 0 1210
t 1164 1 1037
t 1164 2 197
t 1164 4 11
t 1165 0 350
t 1165 1 728
t 1165 2 350
t 1165 3 405
t 1165 4 350
t 1166 0 20
t 1166 2 346
t 1166 3 1066
t 1166 4 1020
t 1167 1 1043
t 1167 4 1043
t 1168 1 1043
t 1168 2 1043
t 1168 4 1043
t 1168 5 1043
t 1169 2 399
t 1169 4 1165
t 1170 0 637
t 1170 2 209
t 1170 4 599
t 1170 5 290
t 1171 0 511
t 1171 2 80
t 1171 3 560
t 1172 0 478
t 1172 2 478
t 1172 4 350
t 1172 5 775
t 1173 0 495
t 1173 1 402
t 1173 2 346
t 1173 3 318
t 1173 4 1020
t 1174 4 741
t 1175 1 965
t 1175 2 1014
t 1175 4 417
t 1175 5 828
t 1176 0 872
t 1176 2 1115
t 1176 3 654
t 1177 0 1159
t 1177 1 1130
t 1177 2 935
t 1177 3 555
t 1177 4 842
t 1177 5 934
t 1178 0 140
t 1178 1 104
t 1178 2 272
t 1179 2 272
t 1180 2 167
t 1180 4 598
t 1181 4 1165
t 1182 0 350
t 1182 1 838
t 1182 2 350
t 1182 3 1168
t 1182 4 350
t 1182 5 952
t 1183 0 630
t 1183 3 54
t 1183 4 468
t 1184 2 117
t 1185 0 1108
t 1185 2 1152
t 1185 4 1063
t 1186 0 895
t 1186 1 807
t 1186 3 892
t 1186 4 468
t 1187 0 7
t 1187 1 45
t 1187 2 992
t 1187 3 1086
t 1187 4 158
t 1187 5 1067
t 1188 0 437
t 1188 1 16
t 1188 2 300
t 1188 3 1016
t 1188 4 1020
t 1189 0 447
t 1189 2 322
t 1189 4 330
t 1189 5 250
t 1190 0 405
t 1190 1 1104
t 1190 2 405
t 1190 4 350
t 1191 0 885
t 1191 2 1212
t 1191 4 90
t 1191 5 353
t 1192 0 728
t 1192 2 350
t 1192 3 139
t 1192 4 350
t 1192 5 10
t 1193 1 1043
t 1193 3 1043
t 1194 0 715
t 1194 2 715
t 1194 4 715
t 1195 0 708
t 1195 1 560
t 1196 0 1091
t 1196 1 160
t 1196 2 289
t 1196 3 171
t 1196 4 303
t 1196 5 21
t 1197 4 1063
t 1198 0 412
t 1198 1 466
t 1198 2 1112
t 1198 3 8
t 1198 4 134
t 1199 2 297
t 1199 3 734
t 1199 4 432
t 1199 5 22
t 1200 0 721
t 1200 1 1013
t 1200 2 130
t 1200 3 408
t 1200 4 766
t 1201 0 728
t 1201 2 350
t 1201 3 478
t 1201 4 350
t 1201 5 269
t 1202 0 266
t 1202 2 185
t 1202 3 58
t 1202 4 744
t 1203 0 947
t 1203 1 395
t 1203 2 480
t 1203 3 914
t 1203 4 201
t 1203 5 565
t 1204 0 405
t 1204 1 1104
t 1204 2 405
t 1204 4 350
t 1204 5 504
t 1205 0 728
t 1205 2 350
t 1205 3 139
t 1205 4 350
t 1205 5 264
t 1206 0 581
t 1206 1 692
t 1206 2 31
t 1206 4 31
t 1207 2 207
t 1207 3 144
t 1208 0 909
t 1208 1 253
t 1208 2 336
t 1208 4 702
t 1208 5 428
t 1209 0 1152
t 1209 1 1108
t 1209 2 1152
t 1209 4 1063
t 1210 0 151
t 1210 1 769
t 1210 2 508
t 1210 4 314
t 1211 0 116
t 1211 1 1199
t 1211 2 338
t 1211 3 693
t 1211 4 1196
t 1211 5 39
t 1212 0 553
t 1212 1 443
t 1212 2 192
t 1212 4 940
t 1212 5 223
t 1213 2 185
t 1213 3 58
t 1213 4 744
t 1214 1 213
t 1214 2 724
t 1214 4 432
t 1214 5 22
t 1215 0 1063
t 1215 1 741
t 1215 2 1063
t 1215 3 504
t 1215 4 1063
t 1216 0 540
t 1216 1 363
t 1216 4 206
t 1216 5 974
t 1217 2 207
t 1218 0 1107
t 1218 1 139
t 1218 4 350
t 1218 5 1167
t 1219 4 598
t 1219 5 781
t 1220 0 350
t 1220 1 728
t 1220 2 350
t 1220 3 1107
t 1220 4 350
t 1220 5 1085
t 1221 0 175
t 1221 1 1237
t 1221 2 376
t 1221 3 1079
t 1221 4 1015
t 1221 5 896
t 1222 0 993
t 1222 1 990
t 1222 2 232
t 1222 3 93
t 1222 4 524
t 1222 5 973
t 1223 0 128
t 1223 1 958
t 1223 2 584
t 1223 3 859
t 1223 4 134
t 1224 0 350
t 1224 1 728
t 1224 2 350
t 1224 3 957
t 1224 4 350
t 1224 5 264
t 1225 0 1089
t 1225 1 442
t 1225 2 661
t 1225 3 1181
t 1225 4 598
t 1226 2 625
t 1227 0 768
t 1227 1 706
t 1227 2 122
t 1227 3 1030
t 1227 4 452
t 1227 5 531
t 1228 0 793
t 1228 2 793
t 1228 4 282
t 1229 1 296
t 1229 2 642
t 1229 4 329
t 1229 5 649
t 1230 0 850
t 1230 3 43
t 1230 4 1244
t 1231 3 790
t 1231 4 735
t 1232 0 870
t 1232 1 264
t 1232 3 27
t 1233 2 827
t 1233 3 731
t 1233 4 883
t 1234 0 442
t 1234 2 661
t 1234 3 1181
t 1234 4 598
t 1235 0 1205
t 1235 2 1028
t 1235 3 746
t 1235 4 227
t 1235 5 119
t 1236 0 546
t 1236 1 341
t 1236 2 184
t 1236 4 1196
t 1236 5 39
t 1237 0 16
t 1237 2 792
t 1237 3 810
t 1237 4 873
t 1237 5 538
t 1238 0 510
t 1238 4 899
t 1239 0 350
t 1239 1 838
t 1239 2 350
t 1239 3 1168
t 1239 4 350
t 1239 5 264
t 1240 0 1136
t 1240 2 1136
t 1240 4 1136
t 1241 1 536
t 1241 4 902
t 1241 5 544
t 1242 0 375
t 1242 2 617
t 1242 4 432
t 1242 5 285
t 1243 0 332
t 1243 2 484
t 1243 3 542
t 1243 4 886
t 1243 5 377
t 1244 0 424
t 1244 3 186
t 1244 4 424
t 1245 0 154
t 1245 1 783
t 1245 2 1099
t 1245 3 639
t 1245 4 59
t 1246 0 16
t 1246 2 346
t 1246 3 318
t 1246 4 1020
t 1247 0 1049
t 1247 1 286
t 1247 2 1188
t 1247 3 1121
t 1247 4 865
t 1248 0 400
t 1248 2 1171
t 1248 3 492
t 1249 1 207
t 1249 2 1129
t 1249 3 27
t 1250 1 139
t 1250 4 350
t 1251 1 790
t 1251 4 735
t 1252 0 126
t 1252 1 988
t 1252 2 772
t 1252 3 536
t 1252 4 325
t 1252 5 235
t 1253 0 73
t 1253 2 1088
t 1253 3 920
t 1253 4 262
t 1254 0 757
t 1254 1 583
t 1254 2 237
t 1254 3 742
t 1255 0 616
t 1255 2 913
t 1255 3 34
t 1255 4 899
t 1256 2 660
t 1256 3 1138
t 1256 4 766
t 1257 0 1372
t 1257 1 1392
t 1257 3 1383
t 1257 4 1452
t 1257 5 1312
t 1258 0 1372
t 1258 1 1344
t 1258 3 1292
t 1258 4 1454
t 1258 5 1312
t 1259 3 1285
t 1259 5 1365
t 1260 1 1365
t 1260 2 1400
t 1260 3 1365
t 1260 4 1499
t 1260 5 1365
t 1261 1 1614
t 1261 2 1555
t 1261 3 1614
t 1261 5 1365
t 1262 0 1651
t 1262 1 1338
t 1262 2 1705
t 1262 3 1594
t 1262 4 1637
t 1262 5 1390
t 1263 0 1481
t 1263 1 1365
t 1263 2 1317
t 1263 3 1365
t 1263 4 1461
t 1263 5 1365
t 1264 1 1697
t 1264 3 1697
t 1264 5 1365
t 1265 0 1508
t 1265 1 1709
t 1265 3 1709
t 1265 5 1641
t 1266 1 1344
t 1266 3 1367
t 1266 4 1556
t 1266 5 1312
t 1267 3 1476
t 1267 5 1390
t 1268 0 1682
t 1268 1 1296
t 1268 2 1639
t 1268 3 1348
t 1268 4 1346
t 1268 5 1610
t 1269 1 1415
t 1269 2 1471
t 1269 3 1663
t 1269 4 1335
t 1269 5 1312
t 1270 0 1481
t 1270 1 1365
t 1270 2 1333
t 1270 3 1365
t 1270 4 1285
t 1270 5 1365
t 1271 0 1385
t 1271 1 1524
t 1271 2 1479
t 1271 3 1648
t 1271 4 1615
t 1271 5 1316
t 1272 0 1506
t 1272 2 1577
t 1272 5 1365
t 1273 1 1591
t 1273 2 1690
t 1273 3 1562
t 1273 4 1649
t 1273 5 1610
t 1274 1 1304
t 1274 2 1282
t 1274 3 1341
t 1274 4 1522
t 1274 5 1283
t 1275 0 1638
t 1275 2 1589
t 1275 3 1549
t 1275 5 1641
t 1276 3 1710
t 1276 4 1369
t 1276 5 1641
t 1277 0 1287
t 1277 1 1483
t 1277 3 1692
t 1277 4 1541
t 1277 5 1610
t 1278 1 1695
t 1278 3 1419
t 1278 5 1312
t 1279 1 1428
t 1279 3 1476
t 1279 5 1390
t 1280 0 1481
t 1280 1 1365
t 1280 2 1317
t 1280 3 1365
t 1280 4 1489
t 1280 5 1365
t 1281 0 1424
t 1281 1 1657
t 1281 2 1382
t 1281 3 1590
t 1281 5 1312
t 1282 1 1321
t 1282 3 1486
t 1282 4 1513
t 1282 5 1316
t 1283 0 1457
t 1283 1 1447
t 1283 2 1363
t 1283 3 1648
t 1283 4 1281
t 1283 5 1316
t 1284 1 1593
t 1284 2 1533
t 1284 3 1376
t 1284 5 1610
t 1285 2 1294
t 1285 3 1294
t 1285 5 1294
t 1286 0 1633
t 1286 1 1449
t 1286 2 1569
t 1286 3 1587
t 1286 4 1516
t 1286 5 1641
t 1287 1 1422
t 1287 3 1319
t 1287 4 1420
t 1287 5 1641
t 1288 1 1309
t 1288 3 1590
t 1288 5 1312
t 1289 3 1629
t 1289 5 1390
t 1290 0 1460
t 1290 3 1391
t 1290 4 1484
t 1290 5 1641
t 1291 0 1297
t 1291 2 1484
t 1291 5 1641
t 1292 0 1604
t 1292 1 1504
t 1292 2 1483
t 1292 3 1305
t 1292 4 1678
t 1292 5 1610
t 1293 0 1273
t 1293 1 1669
t 1293 2 1584
t 1293 3 1663
t 1293 4 1574
t 1293 5 1312
t 1295 3 1656
t 1295 5 1610
t 1296 0 1517
t 1296 1 1538
t 1296 2 1432
t 1296 3 1579
t 1296 4 1297
t 1296 5 1641
t 1297 2 1443
t 1297 5 1390
t 1298 1 1400
t 1298 3 1365
t 1298 4 1499
t 1298 5 1365
t 1299 1 1310
t 1299 3 1437
t 1299 5 1641
t 1300 0 1269
t 1300 1 1524
t 1300 2 1467
t 1300 3 1646
t 1300 4 1303
t 1300 5 1316
t 1301 0 1674
t 1301 1 1597
t 1301 2 1484
t 1301 5 1641
t 1302 1 1439
t 1302 3 1319
t 1302 4 1606
t 1302 5 1641
t 1303 0 1335
t 1303 2 1612
t 1303 5 1312
t 1304 0 1608
t 1304 1 1293
t 1304 2 1381
t 1304 3 1653
t 1304 4 1543
t 1304 5 1316
t 1305 0 1576
t 1305 1 1523
t 1305 2 1422
t 1305 3 1710
t 1305 4 1369
t 1305 5 1641
t 1306 0 1315
t 1306 1 1301
t 1306 2 1478
t 1306 5 1610
t 1307 0 1682
t 1307 1 1510
t 1307 2 1502
t 1307 3 1322
t 1307 4 1676
t 1307 5 1610
t 1308 0 1455
t 1308 1 1510
t 1308 2 1395
t 1308 3 1286
t 1308 4 1291
t 1308 5 1610
t 1309 1 1299
t 1309 3 1656
t 1309 5 1610
t 1310 1 1398
t 1310 3 1476
t 1310 5 1390
t 1311 3 1501
t 1311 5 1365
t 1312 0 1334
t 1312 1 1673
t 1312 2 1339
t 1312 3 1322
t 1312 4 1656
t 1312 5 1610
t 1313 3 1441
t 1313 5 1641
t 1314 0 1289
t 1314 3 1549
t 1314 5 1641
t 1315 1 1617
t 1315 2 1420
t 1315 5 1641
t 1316 0 1342
t 1316 1 1512
t 1316 2 1551
t 1316 3 1307
t 1316 4 1590
t 1316 5 1312
t 1317 0 1294
t 1317 1 1294
t 1317 3 1294
t 1317 4 1294
t 1317 5 1294
t 1318 1 1596
t 1318 3 1692
t 1318 4 1438
t 1318 5 1610
t 1319 0 1260
t 1319 1 1450
t 1319 2 1705
t 1319 3 1445
t 1319 4 1566
t 1319 5 1390
t 1320 0 1518
t 1320 1 1428
t 1320 3 1476
t 1320 5 1390
t 1321 1 1480
t 1321 3 1292
t 1321 4 1454
t 1321 5 1312
t 1322 0 1679
t 1322 1 1449
t 1322 2 1505
t 1322 3 1698
t 1322 4 1531
t 1322 5 1641
t 1323 0 1575
t 1323 1 1495
t 1323 2 1601
t 1323 3 1359
t 1323 4 1375
t 1323 5 1390
t 1324 0 1294
t 1324 3 1294
t 1324 4 1294
t 1324 5 1294
t 1325 0 1707
t 1325 3 1476
t 1325 5 1390
t 1326 0 1466
t 1326 3 1681
t 1326 5 1390
t 1327 0 1405
t 1327 3 1452
t 1327 5 1312
t 1328 1 1602
t 1328 2 1582
t 1328 3 1692
t 1328 4 1541
t 1328 5 1610
t 1329 0 1702
t 1329 2 1429
t 1329 5 1610
t 1330 1 1600
t 1330 2 1601
t 1330 3 1521
t 1330 4 1443
t 1330 5 1390
t 1331 1 1400
t 1331 3 1365
t 1331 4 1472
t 1331 5 1365
t 1332 0 1624
t 1332 1 1360
t 1332 3 1374
t 1332 4 1630
t 1332 5 1283
t 1333 3 1294
t 1333 4 1294
t 1333 5 1294
t 1334 1 1511
t 1334 2 1404
t 1334 3 1262
t 1334 4 1687
t 1334 5 1641
t 1335 2 1678
t 1335 5 1610
t 1336 0 1279
t 1336 1 1320
t 1336 3 1437
t 1336 5 1641
t 1337 1 1425
t 1337 2 1427
t 1337 3 1656
t 1337 5 1610
t 1338 0 1481
t 1338 1 1365
t 1338 2 1324
t 1338 3 1365
t 1338 4 1506
t 1338 5 1365
t 1339 0 1399
t 1339 1 1494
t 1339 3 1418
t 1339 4 1709
t 1339 5 1641
t 1340 1 1613
t 1340 3 1692
t 1340 4 1438
t 1340 5 1610
t 1341 0 1385
t 1341 1 1488
t 1341 2 1544
t 1341 3 1474
t 1341 4 1599
t 1341 5 1316
t 1342 1 1591
t 1342 2 1302
t 1342 3 1348
t 1342 4 1376
t 1342 5 1610
t 1343 1 1477
t 1343 2 1369
t 1343 5 1641
t 1344 0 1620
t 1344 1 1596
t 1344 3 1305
t 1344 4 1313
t 1344 5 1610
t 1345 0 1686
t 1345 1 1425
t 1345 2 1427
t 1345 3 1656
t 1345 5 1610
t 1346 1 1477
t 1346 2 1420
t 1346 5 1641
t 1347 1 1706
t 1347 3 1521
t 1347 4 1568
t 1347 5 1390
t 1348 0 1679
t 1348 1 1538
t 1348 2 1406
t 1348 3 1262
t 1348 4 1411
t 1348 5 1641
t 1349 0 1274
t 1349 1 1468
t 1349 2 1332
t 1349 3 1462
t 1349 4 1618
t 1349 5 1564
t 1350 0 1481
t 1350 1 1365
t 1350 2 1324
t 1350 3 1365
t 1350 4 1577
t 1350 5 1365
t 1351 1 1511
t 1351 2 1500
t 1351 3 1579
t 1351 4 1631
t 1351 5 1641
t 1352 1 1501
t 1352 2 1555
t 1352 3 1501
t 1352 5 1365
t 1353 1 1317
t 1353 3 1365
t 1353 4 1499
t 1353 5 1365
t 1354 1 1456
t 1354 2 1566
t 1354 5 1390
t 1355 1 1697
t 1355 3 1501
t 1355 5 1365
t 1356 0 1294
t 1356 3 1294
t 1356 5 1294
t 1357 0 1368
t 1357 3 1423
t 1357 4 1681
t 1357 5 1390
t 1358 0 1674
t 1358 1 1617
t 1358 2 1369
t 1358 5 1641
t 1359 0 1481
t 1359 1 1365
t 1359 2 1317
t 1359 3 1365
t 1359 4 1506
t 1359 5 1365
t 1360 0 1560
t 1360 1 1257
t 1360 3 1515
t 1360 4 1327
t 1360 5 1316
t 1361 1 1471
t 1361 3 1367
t 1361 4 1689
t 1361 5 1312
t 1362 0 1400
t 1362 1 1317
t 1362 3 1365
t 1362 4 1577
t 1362 5 1365
t 1363 0 1318
t 1363 1 1392
t 1363 3 1547
t 1363 4 1696
t 1363 5 1312
t 1364 0 1520
t 1364 1 1528
t 1364 5 1312
t 1365 0 1294
t 1365 1 1294
t 1365 2 1294
t 1365 3 1294
t 1365 4 1294
t 1365 5 1294
t 1366 0 1503
t 1366 3 1685
t 1366 5 1312
t 1367 0 1442
t 1367 1 1504
t 1367 2 1639
t 1367 3 1692
t 1367 4 1541
t 1367 5 1610
t 1368 3 1365
t 1368 4 1555
t 1368 5 1365
t 1369 5 1390
t 1370 0 1417
t 1370 1 1382
t 1370 3 1590
t 1370 5 1312
t 1371 3 1326
t 1371 5 1641
t 1372 1 1596
t 1372 3 1305
t 1372 4 1313
t 1372 5 1610
t 1373 0 1347
t 1373 1 1494
t 1373 3 1391
t 1373 4 1326
t 1373 5 1641
t 1374 0 1534
t 1374 1 1410
t 1374 2 1479
t 1374 3 1621
t 1374 4 1364
t 1374 5 1316
t 1375 2 1472
t 1375 5 1365
t 1376 1 1636
t 1376 2 1595
t 1376 3 1687
t 1376 5 1641
t 1377 0 1690
t 1377 3 1619
t 1377 4 1553
t 1377 5 1610
t 1378 0 1407
t 1378 1 1483
t 1378 3 1305
t 1378 4 1678
t 1378 5 1610
t 1379 1 1345
t 1379 2 1295
t 1379 3 1590
t 1379 5 1312
t 1380 1 1709
t 1380 3 1709
t 1380 5 1641
t 1381 3 1292
t 1381 4 1454
t 1381 5 1312
t 1382 0 1567
t 1382 1 1336
t 1382 3 1656
t 1382 5 1610
t 1383 0 1604
t 1383 1 1386
t 1383 2 1395
t 1383 3 1619
t 1383 4 1429
t 1383 5 1610
t 1384 0 1475
t 1384 1 1301
t 1384 2 1429
t 1384 5 1610
t 1385 1 1415
t 1385 2 1561
t 1385 3 1268
t 1385 4 1444
t 1385 5 1312
t 1386 0 1330
t 1386 1 1661
t 1386 2 1704
t 1386 3 1391
t 1386 4 1484
t 1386 5 1641
t 1387 1 1483
t 1387 3 1305
t 1387 4 1678
t 1387 5 1610
t 1388 0 1542
t 1388 1 1524
t 1388 2 1683
t 1388 3 1646
t 1388 4 1303
t 1388 5 1316
t 1389 0 1287
t 1389 1 1395
t 1389 3 1628
t 1389 4 1478
t 1389 5 1610
t 1390 0 1481
t 1390 1 1365
t 1390 2 1317
t 1390 3 1365
t 1390 4 1614
t 1390 5 1365
t 1391 0 1414
t 1391 1 1350
t 1391 2 1362
t 1391 3 1423
t 1391 4 1409
t 1391 5 1390
t 1392 0 1620
t 1392 1 1373
t 1392 3 1619
t 1392 4 1553
t 1392 5 1610
t 1393 1 1294
t 1393 2 1294
t 1393 5 1294
t 1394 0 1603
t 1394 1 1583
t 1394 5 1390
t 1395 0 1421
t 1395 1 1569
t 1395 3 1391
t 1395 4 1484
t 1395 5 1641
t 1396 0 1469
t 1396 1 1413
t 1396 3 1435
t 1396 4 1627
t 1396 5 1390
t 1397 0 1333
t 1397 3 1365
t 1397 4 1472
t 1397 5 1365
t 1398 1 1697
t 1398 3 1614
t 1398 5 1365
t 1399 1 1706
t 1399 3 1445
t 1399 4 1264
t 1399 5 1390
t 1400 1 1294
t 1400 3 1294
t 1400 4 1294
t 1400 5 1294
t 1401 1 1365
t 1401 2 1333
t 1401 3 1365
t 1401 4 1285
t 1401 5 1365
t 1402 0 1401
t 1402 1 1626
t 1402 2 1426
t 1402 3 1263
t 1402 4 1629
t 1402 5 1390
t 1403 0 1475
t 1403 1 1358
t 1403 2 1678
t 1403 5 1610
t 1404 1 1671
t 1404 3 1445
t 1404 4 1264
t 1404 5 1390
t 1405 3 1553
t 1405 5 1610
t 1406 0 1353
t 1406 1 1514
t 1406 3 1445
t 1406 4 1566
t 1406 5 1390
t 1407 1 1422
t 1407 3 1710
t 1407 4 1369
t 1407 5 1641
t 1408 0 1393
t 1408 1 1489
t 1408 2 1577
t 1408 5 1365
t 1409 0 1472
t 1409 5 1365
t 1410 0 1434
t 1410 1 1485
t 1410 2 1550
t 1410 3 1383
t 1410 4 1612
t 1410 5 1312
t 1411 1 1473
t 1411 2 1566
t 1411 5 1390
t 1412 0 1611
t 1412 1 1415
t 1412 2 1493
t 1412 3 1663
t 1412 4 1335
t 1412 5 1312
t 1413 0 1400
t 1413 1 1317
t 1413 3 1365
t 1413 4 1356
t 1413 5 1365
t 1414 1 1365
t 1414 2 1400
t 1414 3 1365
t 1414 4 1472
t 1414 5 1365
t 1415 0 1699
t 1415 1 1529
t 1415 2 1276
t 1415 3 1562
t 1415 4 1702
t 1415 5 1610
t 1416 1 1317
t 1416 3 1365
t 1416 4 1555
t 1416 5 1365
t 1417 1 1336
t 1417 3 1656
t 1417 5 1610
t 1418 0 1260
t 1418 1 1350
t 1418 2 1532
t 1418 3 1435
t 1418 4 1583
t 1418 5 1390
t 1419 1 1593
t 1419 2 1545
t 1419 3 1376
t 1419 5 1610
t 1420 1 1566
t 1420 5 1390
t 1421 1 1514
t 1421 3 1521
t 1421 4 1443
t 1421 5 1390
t 1422 0 1527
t 1422 1 1514
t 1422 3 1521
t 1422 4 1443
t 1422 5 1390
t 1423 0 1481
t 1423 1 1365
t 1423 2 1317
t 1423 3 1365
t 1423 4 1577
t 1423 5 1365
t 1424 1 1425
t 1424 2 1299
t 1424 3 1656
t 1424 5 1610
t 1425 0 1436
t 1425 1 1625
t 1425 2 1267
t 1425 3 1437
t 1425 5 1641
t 1426 0 1333
t 1426 3 1365
t 1426 4 1356
t 1426 5 1365
t 1427 3 1437
t 1427 5 1641
t 1428 0 1697
t 1428 1 1691
t 1428 3 1614
t 1428 5 1365
t 1429 0 1369
t 1429 5 1641
t 1430 1 1509
t 1430 3 1319
t 1430 4 1606
t 1430 5 1641
t 1431 3 1668
t 1431 5 1390
t 1432 0 1601
t 1432 3 1521
t 1432 4 1443
t 1432 5 1390
t 1433 0 1337
t 1433 1 1657
t 1433 2 1458
t 1433 3 1590
t 1433 5 1312
t 1434 1 1602
t 1434 2 1276
t 1434 3 1305
t 1434 4 1678
t 1434 5 1610
t 1435 0 1481
t 1435 1 1365
t 1435 2 1317
t 1435 3 1365
t 1435 4 1552
t 1435 5 1365
t 1436 1 1652
t 1436 2 1707
t 1436 3 1476
t 1436 5 1390
t 1437 0 1647
t 1437 1 1635
t 1437 2 1428
t 1437 3 1476
t 1437 5 1390
t 1438 1 1606
t 1438 3 1606
t 1438 5 1641
t 1439 1 1671
t 1439 3 1521
t 1439 4 1568
t 1439 5 1390
t 1440 1 1365
t 1440 2 1333
t 1440 3 1365
t 1440 4 1472
t 1440 5 1365
t 1441 3 1568
t 1441 5 1390
t 1442 1 1684
t 1442 2 1644
t 1442 3 1319
t 1442 4 1420
t 1442 5 1641
t 1443 5 1365
t 1444 1 1343
t 1444 2 1541
t 1444 5 1610
t 1445 0 1481
t 1445 1 1365
t 1445 2 1317
t 1445 3 1365
t 1445 4 1499
t 1445 5 1365
t 1446 1 1331
t 1446 3 1521
t 1446 4 1443
t 1446 5 1390
t 1447 0 1273
t 1447 1 1512
t 1447 2 1377
t 1447 3 1308
t 1447 4 1685
t 1447 5 1312
t 1448 3 1631
t 1448 5 1641
t 1449 0 1575
t 1449 1 1487
t 1449 2 1530
t 1449 3 1263
t 1449 4 1272
t 1449 5 1390
t 1450 0 1481
t 1450 1 1365
t 1450 2 1324
t 1450 3 1365
t 1450 4 1472
t 1450 5 1365
t 1451 1 1378
t 1451 3 1367
t 1451 4 1689
t 1451 5 1312
t 1452 0 1371
t 1452 3 1553
t 1452 5 1610
t 1453 0 1699
t 1453 1 1296
t 1453 2 1490
t 1453 3 1562
t 1453 4 1702
t 1453 5 1610
t 1454 3 1313
t 1454 5 1610
t 1455 1 1323
t 1455 2 1446
t 1455 3 1579
t 1455 4 1297
t 1455 5 1641
t 1456 0 1393
t 1456 1 1489
t 1456 2 1472
t 1456 5 1365
t 1457 1 1669
t 1457 2 1340
t 1457 3 1268
t 1457 4 1419
t 1457 5 1312
t 1458 0 1427
t 1458 3 1656
t 1458 5 1610
t 1459 2 1555
t 1459 3 1285
t 1459 5 1365
t 1460 3 1521
t 1460 4 1443
t 1460 5 1390
t 1461 0 1294
t 1461 2 1294
t 1461 5 1294
t 1462 0 1622
t 1462 1 1388
t 1462 2 1701
t 1462 3 1271
t 1462 4 1667
t 1462 5 1283
t 1463 0 1699
t 1463 1 1510
t 1463 2 1290
t 1463 3 1286
t 1463 4 1291
t 1463 5 1610
t 1464 0 1276
t 1464 3 1305
t 1464 4 1678
t 1464 5 1610
t 1465 1 1446
t 1465 3 1710
t 1465 4 1369
t 1465 5 1641
t 1466 3 1356
t 1466 5 1365
t 1467 0 1387
t 1467 1 1526
t 1467 3 1383
t 1467 4 1612
t 1467 5 1312
t 1468 0 1559
t 1468 1 1688
t 1468 2 1492
t 1468 3 1300
t 1468 4 1573
t 1468 5 1283
t 1469 1 1317
t 1469 3 1365
t 1469 4 1697
t 1469 5 1365
t 1470 1 1270
t 1470 2 1368
t 1470 3 1359
t 1470 4 1459
t 1470 5 1390
t 1471 1 1465
t 1471 3 1305
t 1471 4 1678
t 1471 5 1610
t 1472 5 1294
t 1473 1 1393
t 1473 2 1472
t 1473 5 1365
t 1474 0 1677
t 1474 1 1453
t 1474 2 1277
t 1474 3 1268
t 1474 4 1444
t 1474 5 1312
t 1475 1 1617
t 1475 2 1369
t 1475 5 1641
t 1476 0 1501
t 1476 1 1614
t 1476 2 1691
t 1476 3 1614
t 1476 5 1365
t 1477 1 1473
t 1477 2 1443
t 1477 5 1390
t 1478 0 1563
t 1478 1 1394
t 1478 5 1641
t 1479 0 1525
t 1479 1 1526
t 1479 3 1547
t 1479 4 1528
t 1479 5 1312
t 1480 1 1613
t 1480 3 1305
t 1480 4 1313
t 1480 5 1610
t 1481 1 1294
t 1481 2 1294
t 1481 3 1294
t 1481 4 1294
t 1481 5 1294
t 1482 1 1365
t 1482 2 1400
t 1482 3 1365
t 1482 4 1501
t 1482 5 1365
t 1483 0 1421
t 1483 1 1422
t 1483 3 1710
t 1483 4 1369
t 1483 5 1641
t 1484 0 1443
t 1484 5 1390
t 1485 0 1680
t 1485 1 1386
t 1485 2 1290
t 1485 3 1619
t 1485 4 1429
t 1485 5 1610
t 1486 0 1328
t 1486 1 1519
t 1486 2 1277
t 1486 3 1367
t 1486 4 1689
t 1486 5 1312
t 1487 0 1481
t 1487 1 1365
t 1487 2 1324
t 1487 3 1365
t 1487 4 1461
t 1487 5 1365
t 1488 0 1611
t 1488 1 1453
t 1488 2 1464
t 1488 3 1663
t 1488 4 1335
t 1488 5 1312
t 1489 0 1294
t 1489 1 1294
t 1489 2 1294
t 1489 5 1294
t 1490 0 1460
t 1490 3 1710
t 1490 4 1369
t 1490 5 1641
t 1491 0 1266
t 1491 1 1257
t 1491 3 1621
t 1491 4 1554
t 1491 5 1316
t 1492 0 1381
t 1492 3 1515
t 1492 4 1327
t 1492 5 1316
t 1493 3 1305
t 1493 4 1678
t 1493 5 1610
t 1494 0 1416
t 1494 1 1413
t 1494 3 1423
t 1494 4 1681
t 1494 5 1390
t 1495 0 1481
t 1495 1 1365
t 1495 2 1333
t 1495 3 1365
t 1495 4 1506
t 1495 5 1365
t 1496 1 1284
t 1496 2 1695
t 1496 3 1419
t 1496 5 1312
t 1497 0 1664
t 1497 3 1275
t 1497 5 1610
t 1498 0 1680
t 1498 1 1602
t 1498 2 1276
t 1498 3 1305
t 1498 4 1678
t 1498 5 1610
t 1499 1 1294
t 1499 5 1294
t 1500 3 1521
t 1500 4 1568
t 1500 5 1390
t 1501 1 1294
t 1501 2 1294
t 1501 3 1294
t 1501 5 1294
t 1502 0 1650
t 1502 1 1569
t 1502 3 1418
t 1502 4 1394
t 1502 5 1641
t 1503 3 1275
t 1503 5 1610
t 1504 0 1330
t 1504 1 1523
t 1504 2 1432
t 1504 3 1710
t 1504 4 1369
t 1504 5 1641
t 1505 0 1353
t 1505 1 1362
t 1505 3 1435
t 1505 4 1583
t 1505 5 1390
t 1506 2 1294
t 1506 5 1294
t 1507 3 1459
t 1507 5 1390
t 1508 1 1627
t 1508 3 1627
t 1508 5 1390
t 1509 0 1416
t 1509 1 1706
t 1509 3 1521
t 1509 4 1568
t 1509 5 1390
t 1510 0 1517
t 1510 1 1449
t 1510 2 1704
t 1510 3 1587
t 1510 4 1516
t 1510 5 1641
t 1511 0 1401
t 1511 1 1270
t 1511 2 1368
t 1511 3 1359
t 1511 4 1459
t 1511 5 1390
t 1512 0 1351
t 1512 1 1673
t 1512 2 1675
t 1512 3 1286
t 1512 4 1275
t 1512 5 1610
t 1513 1 1556
t 1513 3 1556
t 1513 5 1312
t 1514 0 1400
t 1514 1 1317
t 1514 3 1365
t 1514 4 1472
t 1514 5 1365
t 1515 0 1585
t 1515 1 1485
t 1515 2 1526
t 1515 3 1383
t 1515 4 1612
t 1515 5 1312
t 1516 0 1375
t 1516 2 1409
t 1516 5 1390
t 1517 1 1495
t 1517 2 1601
t 1517 3 1359
t 1517 4 1375
t 1517 5 1390
t 1518 1 1691
t 1518 3 1614
t 1518 5 1365
t 1519 0 1680
t 1519 1 1504
t 1519 2 1490
t 1519 3 1305
t 1519 4 1678
t 1519 5 1610
t 1520 1 1478
t 1520 5 1610
t 1521 0 1481
t 1521 1 1365
t 1521 2 1317
t 1521 3 1365
t 1521 4 1472
t 1521 5 1365
t 1522 1 1535
t 1522 2 1278
t 1522 3 1496
t 1522 5 1316
t 1523 0 1440
t 1523 1 1450
t 1523 2 1397
t 1523 3 1521
t 1523 4 1443
t 1523 5 1390
t 1524 0 1611
t 1524 1 1463
t 1524 2 1550
t 1524 3 1308
t 1524 4 1329
t 1524 5 1312
t 1525 1 1483
t 1525 3 1692
t 1525 4 1541
t 1525 5 1610
t 1526 0 1407
t 1526 1 1395
t 1526 3 1619
t 1526 4 1429
t 1526 5 1610
t 1527 1 1317
t 1527 3 1365
t 1527 4 1472
t 1527 5 1365
t 1528 0 1708
t 1528 1 1478
t 1528 5 1610
t 1529 0 1517
t 1529 1 1323
t 1529 2 1460
t 1529 3 1579
t 1529 4 1297
t 1529 5 1641
t 1530 0 1333
t 1530 3 1365
t 1530 4 1577
t 1530 5 1365
t 1531 0 1539
t 1531 1 1408
t 1531 2 1583
t 1531 5 1390
t 1532 0 1400
t 1532 1 1317
t 1532 3 1365
t 1532 4 1552
t 1532 5 1365
t 1533 3 1687
t 1533 5 1641
t 1534 1 1498
t 1534 2 1561
t 1534 3 1367
t 1534 4 1689
t 1534 5 1312
t 1535 1 1284
t 1535 2 1703
t 1535 3 1419
t 1535 5 1312
t 1536 1 1480
t 1536 3 1367
t 1536 4 1556
t 1536 5 1312
t 1537 1 1365
t 1537 2 1400
t 1537 3 1365
t 1537 4 1506
t 1537 5 1365
t 1538 0 1575
t 1538 1 1338
t 1538 2 1397
t 1538 3 1359
t 1538 4 1375
t 1538 5 1390
t 1539 1 1489
t 1539 2 1499
t 1539 5 1365
t 1540 1 1343
t 1540 2 1678
t 1540 5 1610
t 1541 1 1420
t 1541 5 1641
t 1542 1 1415
t 1542 2 1493
t 1542 3 1663
t 1542 4 1335
t 1542 5 1312
t 1543 2 1654
t 1543 3 1574
t 1543 5 1312
t 1544 0 1525
t 1544 1 1378
t 1544 3 1367
t 1544 4 1689
t 1544 5 1312
t 1545 1 1595
t 1545 3 1687
t 1545 5 1641
t 1546 2 1503
t 1546 3 1685
t 1546 5 1312
t 1547 0 1442
t 1547 1 1386
t 1547 2 1502
t 1547 3 1628
t 1547 4 1478
t 1547 5 1610
t 1548 1 1598
t 1548 2 1288
t 1548 3 1281
t 1548 5 1316
t 1549 0 1711
t 1549 2 1558
t 1549 3 1629
t 1549 5 1390
t 1550 0 1276
t 1550 3 1619
t 1550 4 1429
t 1550 5 1610
t 1551 0 1430
t 1551 1 1373
t 1551 3 1628
t 1551 4 1265
t 1551 5 1610
t 1552 0 1294
t 1552 1 1294
t 1552 5 1294
t 1553 0 1581
t 1553 3 1326
t 1553 5 1641
t 1554 0 1592
t 1554 1 1696
t 1554 3 1696
t 1554 5 1312
t 1555 3 1294
t 1555 5 1294
t 1556 1 1438
t 1556 3 1438
t 1556 5 1610
t 1557 1 1270
t 1557 2 1655
t 1557 3 1594
t 1557 4 1668
t 1557 5 1390
t 1558 0 1555
t 1558 3 1694
t 1558 5 1365
t 1559 1 1293
t 1559 2 1381
t 1559 3 1653
t 1559 4 1543
t 1559 5 1316
t 1560 1 1344
t 1560 3 1292
t 1560 4 1454
t 1560 5 1312
t 1561 1 1465
t 1561 3 1692
t 1561 4 1541
t 1561 5 1610
t 1562 0 1633
t 1562 1 1538
t 1562 2 1422
t 1562 3 1579
t 1562 4 1297
t 1562 5 1641
t 1563 1 1583
t 1563 5 1390
t 1564 0 1660
t 1564 1 1688
t 1564 2 1491
t 1564 3 1271
t 1564 4 1642
t 1564 5 1283
t 1565 0 1436
t 1565 1 1623
t 1565 2 1325
t 1565 3 1437
t 1565 5 1641
t 1566 1 1499
t 1566 5 1365
t 1567 1 1320
t 1567 3 1437
t 1567 5 1641
t 1568 3 1555
t 1568 5 1365
t 1569 0 1527
t 1569 1 1362
t 1569 3 1423
t 1569 4 1409
t 1569 5 1390
t 1570 1 1358
t 1570 2 1678
t 1570 5 1610
t 1571 2 1289
t 1571 3 1549
t 1571 5 1641
t 1572 1 1345
t 1572 2 1309
t 1572 3 1590
t 1572 5 1312
t 1573 0 1546
t 1573 2 1366
t 1573 3 1665
t 1573 5 1316
t 1574 2 1448
t 1574 3 1649
t 1574 5 1610
t 1575 1 1365
t 1575 2 1333
t 1575 3 1365
t 1575 4 1506
t 1575 5 1365
t 1576 1 1600
t 1576 2 1331
t 1576 3 1521
t 1576 4 1443
t 1576 5 1390
t 1577 0 1294
t 1577 5 1294
t 1578 1 1625
t 1578 2 1310
t 1578 3 1437
t 1578 5 1641
t 1579 0 1537
t 1579 1 1338
t 1579 2 1514
t 1579 3 1359
t 1579 4 1375
t 1579 5 1390
t 1580 0 1295
t 1580 3 1590
t 1580 5 1312
t 1581 3 1681
t 1581 5 1390
t 1582 1 1446
t 1582 3 1319
t 1582 4 1420
t 1582 5 1641
t 1583 0 1499
t 1583 1 1552
t 1583 5 1365
t 1584 3 1305
t 1584 4 1313
t 1584 5 1610
t 1585 1 1602
t 1585 2 1465
t 1585 3 1305
t 1585 4 1678
t 1585 5 1610
t 1586 0 1555
t 1586 3 1614
t 1586 5 1365
t 1587 0 1537
t 1587 1 1487
t 1587 2 1362
t 1587 3 1263
t 1587 4 1272
t 1587 5 1390
t 1588 0 1393
t 1588 1 1489
t 1588 2 1552
t 1588 5 1365
t 1589 0 1643
t 1589 3 1629
t 1589 5 1390
t 1590 0 1578
t 1590 1 1565
t 1590 2 1336
t 1590 3 1656
t 1590 5 1610
t 1591 0 1470
t 1591 1 1511
t 1591 2 1500
t 1591 3 1579
t 1591 4 1631
t 1591 5 1641
t 1592 1 1265
t 1592 3 1265
t 1592 5 1610
t 1593 1 1636
t 1593 2 1431
t 1593 3 1687
t 1593 5 1641
t 1594 0 1481
t 1594 1 1365
t 1594 2 1317
t 1594 3 1365
t 1594 4 1393
t 1594 5 1365
t 1595 1 1355
t 1595 3 1668
t 1595 5 1390
t 1596 0 1347
t 1596 1 1509
t 1596 3 1710
t 1596 4 1441
t 1596 5 1641
t 1597 0 1634
t 1597 1 1408
t 1597 2 1409
t 1597 5 1390
t 1598 0 1337
t 1598 1 1345
t 1598 2 1295
t 1598 3 1590
t 1598 5 1312
t 1599 1 1540
t 1599 2 1689
t 1599 5 1312
t 1600 0 1481
t 1600 1 1365
t 1600 2 1333
t 1600 3 1365
t 1600 4 1472
t 1600 5 1365
t 1601 3 1365
t 1601 4 1472
t 1601 5 1365
t 1602 0 1330
t 1602 1 1684
t 1602 2 1460
t 1602 3 1710
t 1602 4 1369
t 1602 5 1641
t 1603 1 1552
t 1603 5 1365
t 1604 1 1684
t 1604 2 1446
t 1604 3 1710
t 1604 4 1369
t 1604 5 1641
t 1605 0 1379
t 1605 1 1433
t 1605 2 1580
t 1605 3 1281
t 1605 5 1316
t 1606 1 1264
t 1606 3 1264
t 1606 5 1390
t 1607 0 1400
t 1607 1 1317
t 1607 3 1365
t 1607 4 1691
t 1607 5 1365
t 1608 1 1669
t 1608 2 1584
t 1608 3 1663
t 1608 4 1574
t 1608 5 1312
t 1609 0 1267
t 1609 3 1437
t 1609 5 1641
t 1610 0 1557
t 1610 1 1402
t 1610 2 1396
t 1610 3 1698
t 1610 4 1437
t 1610 5 1641
t 1611 1 1529
t 1611 2 1276
t 1611 3 1562
t 1611 4 1702
t 1611 5 1610
t 1612 0 1678
t 1612 5 1610
t 1613 1 1439
t 1613 3 1710
t 1613 4 1441
t 1613 5 1641
t 1614 0 1294
t 1614 1 1294
t 1614 2 1294
t 1614 3 1294
t 1614 5 1294
t 1615 0 1659
t 1615 1 1384
t 1615 2 1528
t 1615 5 1312
t 1616 1 1691
t 1616 3 1691
t 1616 5 1365
t 1617 0 1634
t 1617 1 1456
t 1617 2 1443
t 1617 5 1390
t 1618 0 1548
t 1618 1 1605
t 1618 2 1672
t 1618 3 1642
t 1618 5 1283
t 1619 0 1576
t 1619 1 1661
t 1619 2 1569
t 1619 3 1391
t 1619 4 1484
t 1619 5 1641
t 1620 1 1509
t 1620 3 1710
t 1620 4 1441
t 1620 5 1641
t 1621 0 1328
t 1621 1 1485
t 1621 2 1389
t 1621 3 1547
t 1621 4 1528
t 1621 5 1312
t 1622 1 1412
t 1622 2 1361
t 1622 3 1474
t 1622 4 1599
t 1622 5 1316
t 1623 0 1261
t 1623 1 1635
t 1623 2 1586
t 1623 3 1476
t 1623 5 1390
t 1624 1 1258
t 1624 3 1486
t 1624 4 1513
t 1624 5 1316
t 1625 0 1261
t 1625 1 1652
t 1625 2 1707
t 1625 3 1476
t 1625 5 1390
t 1626 0 1481
t 1626 1 1365
t 1626 2 1324
t 1626 3 1365
t 1626 4 1694
t 1626 5 1365
t 1627 0 1697
t 1627 1 1691
t 1627 3 1691
t 1627 5 1365
t 1628 0 1640
t 1628 1 1661
t 1628 2 1505
t 1628 3 1418
t 1628 4 1394
t 1628 5 1641
t 1629 0 1285
t 1629 2 1356
t 1629 3 1694
t 1629 5 1365
t 1630 0 1666
t 1630 1 1554
t 1630 3 1554
t 1630 5 1316
t 1631 2 1259
t 1631 3 1459
t 1631 5 1390
t 1632 1 1529
t 1632 2 1465
t 1632 3 1562
t 1632 4 1702
t 1632 5 1610
t 1633 1 1495
t 1633 2 1331
t 1633 3 1359
t 1633 4 1375
t 1633 5 1390
t 1634 1 1489
t 1634 2 1472
t 1634 5 1365
t 1635 0 1501
t 1635 1 1614
t 1635 2 1356
t 1635 3 1614
t 1635 5 1365
t 1636 1 1352
t 1636 2 1311
t 1636 3 1668
t 1636 5 1390
t 1637 1 1393
t 1637 2 1499
t 1637 5 1365
t 1638 2 1643
t 1638 3 1629
t 1638 5 1390
t 1639 0 1650
t 1639 1 1422
t 1639 3 1319
t 1639 4 1420
t 1639 5 1641
t 1640 1 1600
t 1640 2 1298
t 1640 3 1445
t 1640 4 1566
t 1640 5 1390
t 1641 0 1482
t 1641 1 1626
t 1641 2 1607
t 1641 3 1280
t 1641 4 1476
t 1641 5 1390
t 1642 0 1572
t 1642 1 1433
t 1642 2 1370
t 1642 3 1281
t 1642 5 1316
t 1643 3 1694
t 1643 5 1365
t 1644 1 1331
t 1644 3 1445
t 1644 4 1566
t 1644 5 1390
t 1645 2 1664
t 1645 3 1275
t 1645 5 1610
t 1646 0 1632
t 1646 1 1463
t 1646 2 1526
t 1646 3 1308
t 1646 4 1329
t 1646 5 1312
t 1647 1 1614
t 1647 2 1697
t 1647 3 1614
t 1647 5 1365
t 1648 0 1677
t 1648 1 1463
t 1648 2 1389
t 1648 3 1307
t 1648 4 1306
t 1648 5 1312
t 1649 2 1507
t 1649 3 1631
t 1649 5 1641
t 1650 1 1514
t 1650 3 1445
t 1650 4 1566
t 1650 5 1390
t 1651 1 1365
t 1651 2 1400
t 1651 3 1365
t 1651 4 1393
t 1651 5 1365
t 1652 0 1501
t 1652 1 1614
t 1652 2 1555
t 1652 3 1614
t 1652 5 1365
t 1653 0 1632
t 1653 1 1453
t 1653 2 1378
t 1653 3 1663
t 1653 4 1335
t 1653 5 1312
t 1654 3 1649
t 1654 5 1610
t 1655 1 1400
t 1655 3 1365
t 1655 4 1697
t 1655 5 1365
t 1656 0 1700
t 1656 1 1623
t 1656 2 1320
t 1656 3 1437
t 1656 5 1641
t 1657 0 1686
t 1657 1 1565
t 1657 2 1609
t 1657 3 1656
t 1657 5 1610
t 1658 0 1584
t 1658 3 1383
t 1658 4 1452
t 1658 5 1312
t 1659 1 1358
t 1659 2 1541
t 1659 5 1610
t 1660 1 1293
t 1660 2 1536
t 1660 3 1474
t 1660 4 1496
t 1660 5 1316
t 1661 0 1440
t 1661 1 1350
t 1661 2 1530
t 1661 3 1423
t 1661 4 1409
t 1661 5 1390
t 1662 0 1570
t 1662 1 1384
t 1662 2 1612
t 1662 5 1312
t 1663 0 1455
t 1663 1 1296
t 1663 2 1483
t 1663 3 1562
t 1663 4 1702
t 1663 5 1610
t 1664 3 1549
t 1664 5 1641
t 1665 0 1645
t 1665 2 1497
t 1665 3 1685
t 1665 5 1312
t 1666 1 1696
t 1666 3 1696
t 1666 5 1312
t 1667 0 1693
t 1667 1 1662
t 1667 2 1364
t 1667 5 1316
t 1668 1 1501
t 1668 2 1697
t 1668 3 1501
t 1668 5 1365
t 1669 0 1351
t 1669 1 1591
t 1669 2 1690
t 1669 3 1562
t 1669 4 1649
t 1669 5 1610
t 1670 1 1382
t 1670 3 1590
t 1670 5 1312
t 1671 1 1400
t 1671 3 1365
t 1671 4 1555
t 1671 5 1365
t 1672 0 1670
t 1672 1 1370
t 1672 3 1281
t 1672 5 1316
t 1673 0 1470
t 1673 1 1402
t 1673 2 1357
t 1673 3 1587
t 1673 4 1549
t 1673 5 1641
t 1674 1 1456
t 1674 2 1443
t 1674 5 1390
t 1675 0 1500
t 1675 3 1391
t 1675 4 1326
t 1675 5 1641
t 1676 0 1354
t 1676 1 1597
t 1676 2 1394
t 1676 5 1641
t 1677 1 1529
t 1677 2 1582
t 1677 3 1348
t 1677 4 1346
t 1677 5 1610
t 1678 5 1641
t 1679 1 1495
t 1679 2 1298
t 1679 3 1594
t 1679 4 1637
t 1679 5 1390
t 1680 1 1684
t 1680 2 1460
t 1680 3 1710
t 1680 4 1369
t 1680 5 1641
t 1681 0 1555
t 1681 3 1356
t 1681 5 1365
t 1682 1 1323
t 1682 2 1644
t 1682 3 1262
t 1682 4 1411
t 1682 5 1641
t 1683 0 1493
t 1683 3 1383
t 1683 4 1612
t 1683 5 1312
t 1684 0 1440
t 1684 1 1600
t 1684 2 1601
t 1684 3 1521
t 1684 4 1443
t 1684 5 1390
t 1685 0 1571
t 1685 2 1314
t 1685 3 1275
t 1685 5 1610
t 1686 1 1625
t 1686 2 1267
t 1686 3 1437
t 1686 5 1641
t 1687 1 1352
t 1687 2 1355
t 1687 3 1668
t 1687 5 1390
t 1688 0 1608
t 1688 1 1447
t 1688 2 1658
t 1688 3 1646
t 1688 4 1665
t 1688 5 1316
t 1689 1 1541
t 1689 5 1610
t 1690 3 1710
t 1690 4 1441
t 1690 5 1641
t 1691 0 1294
t 1691 1 1294
t 1691 3 1294
t 1691 5 1294
t 1692 0 1640
t 1692 1 1523
t 1692 2 1406
t 1692 3 1319
t 1692 4 1420
t 1692 5 1641
t 1693 1 1403
t 1693 2 1689
t 1693 5 1312
t 1694 0 1294
t 1694 2 1294
t 1694 3 1294
t 1694 5 1294
t 1695 1 1545
t 1695 3 1376
t 1695 5 1610
t 1696 0 1380
t 1696 1 1265
t 1696 3 1265
t 1696 5 1610
t 1697 1 1294
t 1697 3 1294
t 1697 5 1294
t 1698 0 1651
t 1698 1 1487
t 1698 2 1532
t 1698 3 1280
t 1698 4 1588
t 1698 5 1390
t 1699 1 1323
t 1699 2 1460
t 1699 3 1579
t 1699 4 1297
t 1699 5 1641
t 1700 1 1652
t 1700 2 1398
t 1700 3 1476
t 1700 5 1390
t 1701 0 1451
t 1701 1 1467
t 1701 3 1621
t 1701 4 1364
t 1701 5 1316
t 1702 2 1369
t 1702 5 1641
t 1703 3 1376
t 1703 5 1610
t 1704 0 1601
t 1704 3 1423
t 1704 4 1409
t 1704 5 1390
t 1705 0 1400
t 1705 1 1317
t 1705 3 1365
t 1705 4 1499
t 1705 5 1365
t 1706 0 1400
t 1706 1 1317
t 1706 3 1365
t 1706 4 1555
t 1706 5 1365
t 1707 3 1614
t 1707 5 1365
t 1708 1 1394
t 1708 5 1641
t 1709 0 1616
t 1709 1 1627
t 1709 3 1627
t 1709 5 1390
t 1710 0 1414
t 1710 1 1450
t 1710 2 1514
t 1710 3 1521
t 1710 4 1443
t 1710 5 1390
t 1711 2 1555
t 1711 3 1694
t 1711 5 1365
a 1043
r 1294
